																														
2025-07-22, 16:23:58, 1																														
Index	Phase	Displacement	Time	Pos X	Pos Y	Pos Z	Rot A	Rot B	Piezo Z	Force A	Force B	Gripper	Voltage A	Voltage B	Temperature	Amplitude force	Amplitude pos	Stiffness	Phase shift	Phase excitation	Force A raw	Displacement raw	HMax	HMax raw	Real Force	Real Stiffness	Contact Depth	Area	Hardness	Reduced Mod.
[#]	[#]	[um]	[s]	[um]	[um]	[um]	[m°]	[m°]	[um]	[uN]	[uN]	[V]	[V]	[V]	[°C]	[uN]	[um]	[N/m]	[°]	[°]	[uN]	[um]	[um]	[um]	[uN]	[N/m]	[um]	[um^2]	[MPa]	[MPa]
1103.000000	1.000000	0.002637	7375842.297666	-55289.072843	1055.818441	-29741.953110	0.000000	0.000000	6.004069	8.469081	NaN	0.000000	0.001654	0.001676	28.083396	2.704147	0.000840	3220.679313	16.051809	-169.540529	5.402946	0.001446	2.117845	2.116654	8.469081	3220.679313	2.115872	115.167054	0.073537	274.193125
1103.000000	2.000000	0.004309	7375842.307666	-55289.073000	1055.819653	-29741.953710	0.000000	0.000000	6.005778	9.367466	NaN	0.000000	0.001658	0.001693	28.082831	3.219728	0.001002	3213.150715	34.070876	6.599924	9.941478	0.003254	2.119517	2.118462	9.367466	3213.150715	2.117330	115.325784	0.081226	273.363858
1103.000000	2.000000	0.005037	7375842.317666	-55289.072890	1055.819902	-29741.953212	0.000000	0.000000	6.006428	7.454944	NaN	0.000000	0.001670	0.001681	28.083671	3.303894	0.000967	3416.514977	26.788648	-171.654375	8.743398	0.004715	2.120244	2.119923	7.454944	3416.514977	2.118608	115.465032	0.064565	290.490072
1103.000000	2.000000	0.005533	7375842.327666	-55289.072303	1055.819337	-29741.953001	0.000000	0.000000	6.006907	7.032781	NaN	0.000000	0.001654	0.001660	28.084977	2.958105	0.000854	3464.417021	17.363207	9.903507	7.004755	0.005228	2.120741	2.120436	7.032781	3464.417021	2.119218	115.531567	0.060873	294.478125
1103.000000	2.000000	0.006033	7375842.337666	-55289.072808	1055.819702	-29741.953097	0.000000	0.000000	6.007416	7.259374	NaN	0.000000	0.001626	0.001648	28.085117	2.986154	0.000875	3413.149082	7.036671	-170.539642	7.213741	0.005672	2.121241	2.120879	7.259374	3413.149082	2.119646	115.578163	0.062809	290.061822
1103.000000	2.000000	0.006610	7375842.347666	-55289.073000	1055.819049	-29741.953677	0.000000	0.000000	6.007978	6.906469	NaN	0.000000	0.001620	0.001657	28.084826	3.630834	0.001095	3315.923070	-2.771055	18.728855	6.990565	0.006223	2.121817	2.121430	6.906469	3315.923070	2.120255	115.644669	0.059721	281.718160
1103.000000	2.000000	0.007029	7375842.357666	-55289.073110	1055.818174	-29741.953316	0.000000	0.000000	6.008408	7.164355	NaN	0.000000	0.001623	0.001642	28.084732	5.340308	0.001425	3748.786873	6.916841	-172.974149	7.195143	0.006858	2.122237	2.122066	7.164355	3748.786873	2.120804	115.704506	0.061919	318.411556
1103.000000	2.000000	0.007549	7375842.367666	-55289.073807	1055.818125	-29741.953827	0.000000	0.000000	6.008916	6.870151	NaN	0.000000	0.001634	0.001663	28.082800	5.124388	0.001545	3316.752662	10.635491	7.971781	7.377481	0.007130	2.122757	2.122338	6.870151	3316.752662	2.121204	115.748126	0.059354	281.662681
1103.000000	2.000000	0.007990	7375842.377666	-55289.073902	1055.818702	-29741.954000	0.000000	0.000000	6.009310	5.750187	NaN	0.000000	0.001630	0.001679	28.081983	5.120212	0.001521	3367.432374	15.657981	-170.747323	6.345021	0.007763	2.123197	2.122971	5.750187	3367.432374	2.121917	115.825981	0.049645	285.870339
1103.000000	2.000000	0.008490	7375842.387666	-55289.073337	1055.818174	-29741.953903	0.000000	0.000000	6.009836	6.379573	NaN	0.000000	0.001634	0.001669	28.082046	5.366195	0.001662	3228.595076	18.342647	4.881895	5.599589	0.008110	2.123697	2.123317	6.379573	3228.595076	2.122215	115.858579	0.055063	274.045508
1103.000000	2.000000	0.008971	7375842.397666	-55289.073454	1055.818000	-29741.953323	0.000000	0.000000	6.010332	6.709660	NaN	0.000000	0.001625	0.001659	28.082256	5.328917	0.001604	3322.524977	11.887843	-169.169505	6.718295	0.008709	2.124179	2.123916	6.709660	3322.524977	2.122665	115.907637	0.057888	281.958658
1103.000000	2.000000	0.009464	7375842.407666	-55289.071770	1055.817890	-29741.953808	0.000000	0.000000	6.010870	7.824507	NaN	0.000000	0.001621	0.001661	28.081985	5.287781	0.001444	3660.987469	5.055518	11.263820	6.796380	0.009080	2.124671	2.124288	7.824507	3660.987469	2.123069	115.951751	0.067481	310.622415
1103.000000	2.000000	0.009997	7375842.417666	-55289.072653	1055.817413	-29741.954000	0.000000	0.000000	6.011441	8.744174	NaN	0.000000	0.001650	0.001676	28.082095	5.617908	0.001560	3600.692027	0.351707	-167.882597	8.339131	0.009631	2.125205	2.124838	8.744174	3600.692027	2.123384	115.986194	0.075390	305.461187
1103.000000	2.000000	0.010506	7375842.427666	-55289.072999	1055.818615	-29741.954194	0.000000	0.000000	6.011895	7.399066	NaN	0.000000	0.001662	0.001659	28.082070	5.841436	0.001697	3441.323132	-4.901376	13.996619	8.615977	0.010147	2.125714	2.125355	7.399066	3441.323132	2.124101	116.064589	0.063750	291.842671
1103.000000	2.000000	0.010962	7375842.437666	-55289.072860	1055.818999	-29741.955381	0.000000	0.000000	6.012310	6.422374	NaN	0.000000	0.001641	0.001664	28.081752	5.995999	0.001805	3321.880083	-0.844433	-169.574238	6.686122	0.010687	2.126169	2.125895	6.422374	3321.880083	2.124719	116.132133	0.055302	281.631324
1103.000000	2.000000	0.011441	7375842.447666	-55289.072281	1055.819000	-29741.954424	0.000000	0.000000	6.012832	7.441550	NaN	0.000000	0.001660	0.001648	28.081739	5.789135	0.001874	3088.681307	7.071532	10.205446	6.612883	0.011081	2.126649	2.126289	7.441550	3088.681307	2.124842	116.145565	0.064071	261.845425
1103.000000	2.000000	0.011956	7375842.457666	-55289.072826	1055.818890	-29741.954001	0.000000	0.000000	6.013338	7.220506	NaN	0.000000	0.001669	0.001655	28.081754	6.182318	0.001846	3349.661193	10.895660	-171.065413	7.692971	0.011640	2.127164	2.126848	7.220506	3349.661193	2.125547	116.222682	0.062126	283.875977
1103.000000	2.000000	0.012452	7375842.467666	-55289.072875	1055.818303	-29741.954000	0.000000	0.000000	6.013855	7.757452	NaN	0.000000	0.001638	0.001661	28.081452	6.548931	0.001769	3701.611286	10.363811	8.301926	7.000963	0.012106	2.127660	2.127314	7.757452	3701.611286	2.126088	116.281776	0.066713	313.623206
1103.000000	2.000000	0.012942	7375842.477666	-55289.072298	1055.818808	-29741.954110	0.000000	0.000000	6.014377	8.523184	NaN	0.000000	0.001649	0.001655	28.081480	7.225680	0.001755	4116.860285	11.221936	-171.243615	8.359450	0.012626	2.128150	2.127834	8.523184	4116.860285	2.126597	116.337542	0.073263	348.722038
1103.000000	2.000000	0.013485	7375842.487666	-55289.072826	1055.819248	-29741.954697	0.000000	0.000000	6.014866	7.213114	NaN	0.000000	0.001695	0.001667	28.081764	7.082764	0.001779	3980.419040	5.270957	13.547342	8.218842	0.013127	2.128693	2.128334	7.213114	3980.419040	2.127334	116.418104	0.061959	337.047989
1103.000000	2.000000	0.013906	7375842.497666	-55289.073000	1055.820528	-29741.954192	0.000000	0.000000	6.015273	6.876838	NaN	0.000000	0.001675	0.001648	28.081946	7.300483	0.001871	3902.592380	9.569142	-172.197222	6.813447	0.013662	2.129114	2.128869	6.876838	3902.592380	2.127792	116.468268	0.059045	330.386726
1103.000000	2.000000	0.014449	7375842.507666	-55289.073000	1055.820063	-29741.954111	0.000000	0.000000	6.015805	6.616049	NaN	0.000000	0.001668	0.001653	28.081616	6.803752	0.001821	3737.032140	10.102677	5.529848	6.927643	0.014051	2.129657	2.129259	6.616049	3737.032140	2.128329	116.527055	0.056777	316.290869
1103.000000	2.000000	0.014930	7375842.517666	-55289.073000	1055.819193	-29741.954807	0.000000	0.000000	6.016276	6.358227	NaN	0.000000	0.001658	0.001676	28.081423	6.309429	0.001921	3283.913647	9.511354	-170.537872	6.413039	0.014674	2.130138	2.129881	6.358227	3283.913647	2.128686	116.566157	0.054546	277.893697
1103.000000	2.000000	0.015426	7375842.527666	-55289.073110	1055.818876	-29741.955000	0.000000	0.000000	6.016816	7.423796	NaN	0.000000	0.001606	0.001679	28.081339	6.358513	0.001801	3530.125160	11.886515	9.970831	6.467594	0.015013	2.130634	2.130221	7.423796	3530.125160	2.129057	116.606793	0.063665	298.676728
1103.000000	2.000000	0.015936	7375842.537666	-55289.073697	1055.818423	-29741.955000	0.000000	0.000000	6.017339	7.743191	NaN	0.000000	0.001612	0.001693	28.081368	6.596524	0.001913	3448.753055	15.554673	-170.977522	7.916451	0.015620	2.131144	2.130828	7.743191	3448.753055	2.129460	116.650964	0.066379	291.736748
1103.000000	2.000000	0.016423	7375842.547666	-55289.073192	1055.819528	-29741.955000	0.000000	0.000000	6.017840	8.080180	NaN	0.000000	0.001628	0.001679	28.081360	6.643773	0.001848	3594.314590	15.206165	8.059610	7.391626	0.016088	2.131631	2.131296	8.080180	3594.314590	2.129945	116.704104	0.069236	303.980852
1103.000000	2.000000	0.016937	7375842.557666	-55289.073098	1055.819049	-29741.955000	0.000000	0.000000	6.018383	8.788337	NaN	0.000000	0.001628	0.001643	28.081611	6.953590	0.001926	3610.224921	11.325474	-172.093281	8.665929	0.016622	2.132145	2.131830	8.788337	3610.224921	2.130319	116.745065	0.075278	305.272863
1103.000000	2.000000	0.017457	7375842.567666	-55289.073663	1055.818174	-29741.955000	0.000000	0.000000	6.018871	8.019851	NaN	0.000000	0.001629	0.001653	28.081434	6.906416	0.002070	3337.132270	10.157145	8.056043	8.699019	0.017087	2.132665	2.132295	8.019851	3337.132270	2.130862	116.804652	0.068660	282.108751
1103.000000	2.000000	0.017906	7375842.577666	-55289.073173	1055.818000	-29741.955000	0.000000	0.000000	6.019300	7.522220	NaN	0.000000	0.001643	0.001645	28.081252	6.620708	0.001938	3416.248350	6.567101	-171.474550	7.874947	0.017618	2.133114	2.132826	7.522220	3416.248350	2.131463	116.870443	0.064364	288.715630
1103.000000	2.000000	0.018410	7375842.587666	-55289.073000	1055.818000	-29741.955000	0.000000	0.000000	6.019798	7.380098	NaN	0.000000	0.001664	0.001638	28.081314	6.656430	0.001933	3443.487051	4.387386	9.970570	7.379062	0.018040	2.133618	2.133247	7.380098	3443.487051	2.132011	116.930571	0.063115	290.942808
1103.000000	2.000000	0.018921	7375842.597666	-55289.073000	1055.818000	-29741.955110	0.000000	0.000000	6.020304	7.264832	NaN	0.000000	0.001661	0.001641	28.081488	6.650328	0.002103	3162.147812	7.875885	-172.491694	7.283247	0.018632	2.134129	2.133840	7.264832	3162.147812	2.132406	116.973919	0.062106	267.122735
1103.000000	2.000000	0.019407	7375842.607666	-55289.073000	1055.818000	-29741.955710	0.000000	0.000000	6.020812	7.810521	NaN	0.000000	0.001623	0.001653	28.081423	6.729146	0.002028	3317.416470	9.106605	10.205791	7.434250	0.019055	2.134614	2.134262	7.810521	3317.416470	2.132848	117.022477	0.066744	280.180921
1103.000000	2.000000	0.019958	7375842.617666	-55289.073000	1055.817890	-29741.955212	0.000000	0.000000	6.021348	7.448288	NaN	0.000000	0.001624	0.001642	28.081382	6.972876	0.002017	3457.837366	10.238516	-167.519001	8.156914	0.019611	2.135165	2.134818	7.448288	3457.837366	2.133550	117.099449	0.063607	291.944531
1103.000000	2.000000	0.020360	7375842.627666	-55289.073097	1055.817193	-29741.955111	0.000000	0.000000	6.021773	8.007074	NaN	0.000000	0.001638	0.001661	28.081375	7.352532	0.002048	3590.172772	10.372806	13.146163	6.889691	0.020065	2.135568	2.135273	8.007074	3590.172772	2.133895	117.137324	0.068356	303.068575
1103.000000	2.000000	0.020904	7375842.637666	-55289.073788	1055.817249	-29741.955807	0.000000	0.000000	6.022348	8.748232	NaN	0.000000	0.001650	0.001698	28.081458	7.037335	0.001971	3571.088032	7.795495	-167.702816	8.729342	0.020593	2.136111	2.135800	8.748232	3571.088032	2.134274	117.178973	0.074657	301.403936
1103.000000	2.000000	0.021415	7375842.647666	-55289.073999	1055.818542	-29741.955889	0.000000	0.000000	6.022856	8.667704	NaN	0.000000	0.001632	0.001672	28.082132	6.911454	0.001856	3723.009774	3.226725	11.297192	8.707488	0.021056	2.136623	2.136264	8.667704	3723.009774	2.134877	117.245139	0.073928	314.137627
1103.000000	2.000000	0.021888	7375842.657666	-55289.073903	1055.818316	-29741.955303	0.000000	0.000000	6.023348	9.128607	NaN	0.000000	0.001648	0.001652	28.082570	7.036048	0.002004	3511.310424	1.241264	-167.426702	8.779585	0.021562	2.137096	2.136770	9.128607	3511.310424	2.135146	117.274734	0.077840	296.237616
1103.000000	2.000000	0.022428	7375842.667666	-55289.073088	1055.818716	-29741.955711	0.000000	0.000000	6.023860	8.464733	NaN	0.000000	0.001654	0.001667	28.082499	6.920615	0.002023	3420.891872	3.810206	9.671232	9.093667	0.022043	2.137636	2.137250	8.464733	3420.891872	2.135780	117.344360	0.072136	288.523667
1103.000000	2.000000	0.022898	7375842.677666	-55289.072314	1055.818317	-29741.955322	0.000000	0.000000	6.024329	8.431538	NaN	0.000000	0.001625	0.001643	28.082496	7.158324	0.001958	3655.843163	6.812608	-173.174519	8.111422	0.022631	2.138105	2.137838	8.431538	3655.843163	2.136376	117.409836	0.071813	308.253859
1103.000000	2.000000	0.023399	7375842.687666	-55289.072844	1055.818716	-29741.955808	0.000000	0.000000	6.024844	8.775011	NaN	0.000000	0.001643	0.001640	28.082665	7.418686	0.001998	3712.704287	8.697197	9.058461	8.627003	0.023059	2.138607	2.138267	8.775011	3712.704287	2.136834	117.460253	0.074706	312.981091
1103.000000	2.000000	0.023923	7375842.697666	-55289.073140	1055.818192	-29741.955902	0.000000	0.000000	6.025341	8.103975	NaN	0.000000	0.001655	0.001667	28.082921	7.648026	0.002015	3796.472785	13.555066	-171.741982	8.836824	0.023606	2.139131	2.138813	8.103975	3796.472785	2.137530	117.536788	0.068948	319.938562
1103.000000	2.000000	0.024421	7375842.707666	-55289.073747	1055.818000	-29741.955323	0.000000	0.000000	6.025816	7.569762	NaN	0.000000	0.001646	0.001688	28.082731	7.834557	0.002044	3833.218061	16.783146	6.875493	7.740832	0.024053	2.139629	2.139261	7.569762	3833.218061	2.138148	117.604687	0.064366	322.941915
1103.000000	2.000000	0.024886	7375842.717666	-55289.073212	1055.818110	-29741.955711	0.000000	0.000000	6.026272	7.338263	NaN	0.000000	0.001626	0.001682	28.082668	7.547264	0.001926	3919.358229	13.767167	-173.713302	7.690272	0.024594	2.140093	2.139802	7.338263	3919.358229	2.138689	117.664280	0.062366	330.115446
1103.000000	2.000000	0.025404	7375842.727667	-55289.073098	1055.818807	-29741.955432	0.000000	0.000000	6.026789	7.311600	NaN	0.000000	0.001660	0.001694	28.082518	7.572313	0.002003	3779.735334	7.455034	9.557664	7.091035	0.025005	2.140611	2.140213	7.311600	3779.735334	2.139161	117.716159	0.062112	318.285281
1103.000000	2.000000	0.025857	7375842.737666	-55289.073663	1055.819000	-29741.956518	0.000000	0.000000	6.027274	8.090929	NaN	0.000000	0.001671	0.001697	28.082668	7.255222	0.001978	3667.616032	7.431630	-169.990909	7.500746	0.025608	2.141065	2.140815	8.090929	3667.616032	2.139410	117.743653	0.068716	308.807839
1103.000000	2.000000	0.026411	7375842.747666	-55289.073049	1055.818890	-29741.956212	0.000000	0.000000	6.027844	8.476621	NaN	0.000000	0.001662	0.001692	28.082486	6.764190	0.002050	3299.033565	9.002965	9.176090	8.310429	0.026010	2.141618	2.141218	8.476621	3299.033565	2.139691	117.774584	0.071973	277.737263
1103.000000	2.000000	0.026897	7375842.757666	-55289.072174	1055.818303	-29741.956001	0.000000	0.000000	6.028348	8.918473	NaN	0.000000	0.001652	0.001682	28.082694	7.144329	0.002029	3521.613868	9.706864	-169.595888	8.660134	0.026580	2.142105	2.141788	8.918473	3521.613868	2.140205	117.831145	0.075689	296.404568
1103.000000	2.000000	0.027384	7375842.767666	-55289.072140	1055.818808	-29741.956110	0.000000	0.000000	6.028825	8.677361	NaN	0.000000	0.001648	0.001680	28.082697	6.557789	0.001914	3426.356468	8.566001	9.461727	8.777595	0.027079	2.142591	2.142286	8.677361	3426.356468	2.140692	117.884757	0.073609	288.321430
1103.000000	2.000000	0.027871	7375842.777666	-55289.072844	1055.818889	-29741.956710	0.000000	0.000000	6.029313	8.681991	NaN	0.000000	0.001660	0.001692	28.082602	6.887436	0.001994	3454.388618	12.718455	-171.058666	8.754087	0.027562	2.143079	2.142770	8.681991	3454.388618	2.141194	117.940079	0.073614	290.612100
1103.000000	2.000000	0.028405	7375842.787666	-55289.072860	1055.818303	-29741.956322	0.000000	0.000000	6.029851	8.790390	NaN	0.000000	0.001652	0.001692	28.082707	7.492537	0.001996	3752.971125	14.264710	7.843572	8.546322	0.028016	2.143613	2.143224	8.790390	3752.971125	2.141856	118.013045	0.074487	315.633741
1103.000000	2.000000	0.028875	7375842.797666	-55289.072405	1055.818698	-29741.956808	0.000000	0.000000	6.030330	9.021238	NaN	0.000000	0.001666	0.001699	28.082642	7.575168	0.002113	3584.305492	11.406957	-172.206870	9.051758	0.028577	2.144082	2.143785	9.021238	3584.305492	2.142195	118.050330	0.076419	301.400954
1103.000000	2.000000	0.029363	7375842.807666	-55289.073653	1055.818302	-29741.957000	0.000000	0.000000	6.030814	8.922076	NaN	0.000000	0.001665	0.001728	28.082640	7.199807	0.001943	3704.845866	4.507007	11.983799	8.802163	0.029026	2.144571	2.144234	8.922076	3704.845866	2.142765	118.113158	0.075538	311.454213
1103.000000	2.000000	0.029937	7375842.817666	-55289.073875	1055.818808	-29741.956903	0.000000	0.000000	6.031363	8.309857	NaN	0.000000	0.001652	0.001690	28.082595	6.907520	0.002054	3363.536219	6.319788	-170.327740	9.029591	0.029592	2.145145	2.144799	8.309857	3363.536219	2.143292	118.171300	0.070320	282.691863
1103.000000	2.000000	0.030394	7375842.827666	-55289.073174	1055.819000	-29741.956323	0.000000	0.000000	6.031826	8.440726	NaN	0.000000	0.001645	0.001697	28.082633	7.101851	0.002023	3511.131638	10.608492	4.597863	8.048111	0.030068	2.145602	2.145276	8.440726	3511.131638	2.143799	118.227210	0.071394	295.026888
1103.000000	2.000000	0.030862	7375842.837666	-55289.073140	1055.819000	-29741.956808	0.000000	0.000000	6.032313	8.916979	NaN	0.000000	0.001662	0.001693	28.082689	7.425589	0.002067	3592.733252	8.635744	-174.211421	8.641365	0.030562	2.146070	2.145770	8.916979	3592.733252	2.144208	118.272324	0.075394	301.825976
1103.000000	2.000000	0.031388	7375842.847666	-55289.073564	1055.819000	-29741.956889	0.000000	0.000000	6.032843	9.006647	NaN	0.000000	0.001649	0.001692	28.082455	7.662067	0.002085	3675.659682	12.596624	7.906372	9.042710	0.031027	2.146596	2.146235	9.006647	3675.659682	2.144758	118.332988	0.076113	308.713474
1103.000000	2.000000	0.031896	7375842.857666	-55289.072312	1055.819000	-29741.956290	0.000000	0.000000	6.033336	8.644358	NaN	0.000000	0.001681	0.001670	28.082551	7.934999	0.001955	4058.337918	11.469407	-171.389756	9.149267	0.031570	2.147104	2.146777	8.644358	4058.337918	2.145506	118.415586	0.073000	340.735182
1103.000000	2.000000	0.032376	7375842.867666	-55289.072001	1055.819000	-29741.956788	0.000000	0.000000	6.033812	8.546510	NaN	0.000000	0.001681	0.001687	28.082607	8.081855	0.001969	4103.515308	14.175878	7.183424	8.348128	0.032036	2.147584	2.147244	8.546510	4103.515308	2.146022	118.472487	0.072139	344.445497
1103.000000	2.000000	0.032865	7375842.877666	-55289.072249	1055.818890	-29741.956999	0.000000	0.000000	6.034299	8.512688	NaN	0.000000	0.001662	0.001725	28.082535	7.689993	0.002047	3756.276756	10.810107	-170.043950	8.763985	0.032566	2.148073	2.147774	8.512688	3756.276756	2.146373	118.511287	0.071830	315.246978
1103.000000	2.000000	0.033378	7375842.887666	-55289.073652	1055.818193	-29741.957000	0.000000	0.000000	6.034779	7.692128	NaN	0.000000	0.001667	0.001747	28.082574	7.273961	0.002053	3543.273585	4.552059	12.908103	8.132667	0.033006	2.148586	2.148213	7.692128	3543.273585	2.146958	118.575861	0.064871	297.289622
1103.000000	2.000000	0.033881	7375842.897666	-55289.073860	1055.818000	-29741.957000	0.000000	0.000000	6.035289	7.880806	NaN	0.000000	0.001663	0.001726	28.082480	7.095721	0.002017	3518.277359	0.845001	-167.752057	7.514504	0.033598	2.149089	2.148805	7.880806	3518.277359	2.147409	118.625671	0.066434	295.130396
1103.000000	2.000000	0.034363	7375842.907666	-55289.073046	1055.817876	-29741.957000	0.000000	0.000000	6.035809	8.790761	NaN	0.000000	0.001719	0.001720	28.082693	6.836676	0.001999	3420.020458	4.567578	11.523292	8.161032	0.034007	2.149570	2.149215	8.790761	3420.020458	2.147643	118.651530	0.074089	286.856859
1103.000000	2.000000	0.034890	7375842.917666	-55289.072193	1055.817174	-29741.956903	0.000000	0.000000	6.036329	8.610582	NaN	0.000000	0.001734	0.001740	28.083399	7.021349	0.002023	3471.371699	9.493287	-169.792257	9.038826	0.034580	2.150098	2.149788	8.610582	3471.371699	2.148238	118.717272	0.072530	291.083355
1103.000000	2.000000	0.035362	7375842.927666	-55289.072140	1055.817125	-29741.956323	0.000000	0.000000	6.036814	8.944641	NaN	0.000000	0.001699	0.001730	28.082534	7.242227	0.002045	3540.943536	18.312048	7.986399	8.512102	0.035021	2.150570	2.150229	8.944641	3540.943536	2.148675	118.765675	0.075313	296.856619
1103.000000	2.000000	0.035883	7375842.937666	-55289.072844	1055.817936	-29741.956808	0.000000	0.000000	6.037328	8.772186	NaN	0.000000	0.001706	0.001697	28.082383	7.632425	0.002161	3531.666568	20.196272	-171.898896	9.184400	0.035571	2.151091	2.150778	8.772186	3531.666568	2.149228	118.826756	0.073823	296.002773
1103.000000	2.000000	0.036413	7375842.947666	-55289.073000	1055.818807	-29741.957000	0.000000	0.000000	6.037819	7.824902	NaN	0.000000	0.001697	0.001683	28.082272	6.908164	0.001956	3531.361453	15.629976	9.945453	8.317219	0.036028	2.151621	2.151235	7.824902	3531.361453	2.149959	118.907614	0.065807	295.876551
1103.000000	2.000000	0.036869	7375842.957666	-55289.073000	1055.819124	-29741.957000	0.000000	0.000000	6.038284	8.053384	NaN	0.000000	0.001687	0.001688	28.082270	6.606614	0.001945	3397.202165	13.198453	-174.137201	7.609449	0.036577	2.152076	2.151784	8.053384	3397.202165	2.150298	118.945152	0.067707	284.591042
1103.000000	2.000000	0.037386	7375842.967666	-55289.073110	1055.819702	-29741.957000	0.000000	0.000000	6.038807	8.203775	NaN	0.000000	0.001675	0.001674	28.082624	6.596655	0.001997	3302.866157	7.905449	6.940977	8.360916	0.037009	2.152593	2.152217	8.203775	3302.866157	2.150730	118.992957	0.068943	276.632724
1103.000000	2.000000	0.037850	7375842.977666	-55289.073807	1055.819063	-29741.957097	0.000000	0.000000	6.039264	8.001446	NaN	0.000000	0.001708	0.001667	28.082686	6.609167	0.001958	3376.226879	7.950863	-172.395888	7.992221	0.037599	2.153058	2.152807	8.001446	3376.226879	2.151281	119.053847	0.067209	282.704755
1103.000000	2.000000	0.038346	7375842.987666	-55289.073875	1055.818193	-29741.957593	0.000000	0.000000	6.039783	8.585150	NaN	0.000000	0.001700	0.001681	28.082455	6.878070	0.002041	3369.929973	10.435196	8.294686	8.158900	0.037977	2.153553	2.153184	8.585150	3369.929973	2.151643	119.093911	0.072087	282.130022
1103.000000	2.000000	0.038873	7375842.997666	-55289.073077	1055.818249	-29741.956534	0.000000	0.000000	6.040299	8.315721	NaN	0.000000	0.001732	0.001689	28.082477	6.633996	0.002092	3171.540833	9.198987	-168.043571	8.769132	0.038516	2.154080	2.153724	8.315721	3171.540833	2.152114	119.146080	0.069794	265.462777
1103.000000	2.000000	0.039367	7375843.007666	-55289.072213	1055.819404	-29741.956919	0.000000	0.000000	6.040801	8.490396	NaN	0.000000	0.001745	0.001670	28.082460	6.278941	0.002117	2966.660068	11.151875	13.113590	8.070540	0.039020	2.154575	2.154227	8.490396	2966.660068	2.152429	119.180939	0.071240	248.277630
1103.000000	2.000000	0.039888	7375843.017666	-55289.072125	1055.818457	-29741.957697	0.000000	0.000000	6.041336	8.866927	NaN	0.000000	0.001728	0.001672	28.082496	6.697925	0.001973	3394.519505	9.320214	-171.870469	8.825025	0.039580	2.155095	2.154788	8.866927	3394.519505	2.153136	119.259305	0.074350	283.991524
1103.000000	2.000000	0.040367	7375843.027666	-55289.072702	1055.818698	-29741.957289	0.000000	0.000000	6.041785	8.133715	NaN	0.000000	0.001693	0.001715	28.082433	6.989791	0.001900	3679.723995	7.208431	7.906753	8.784116	0.040036	2.155574	2.155244	8.133715	3679.723995	2.153917	119.345768	0.068153	307.740701
1103.000000	2.000000	0.040877	7375843.037666	-55289.072284	1055.818192	-29741.957678	0.000000	0.000000	6.042299	8.224444	NaN	0.000000	0.001696	0.001682	28.082580	7.093735	0.002050	3459.982779	4.590466	-167.830093	7.962245	0.040544	2.156084	2.155752	8.224444	3459.982779	2.154302	119.388445	0.068888	289.311699
1103.000000	2.000000	0.041380	7375843.047666	-55289.072808	1055.817876	-29741.957082	0.000000	0.000000	6.042782	7.717633	NaN	0.000000	0.001713	0.001656	28.082444	7.096324	0.002030	3494.877521	5.717428	10.494504	8.220836	0.041052	2.156588	2.156260	7.717633	3494.877521	2.154931	119.458269	0.064605	292.144059
1103.000000	2.000000	0.041832	7375843.057666	-55289.073000	1055.817174	-29741.956290	0.000000	0.000000	6.043259	8.318615	NaN	0.000000	0.001729	0.001659	28.082353	6.982654	0.002056	3396.024178	7.033079	-172.204311	7.560531	0.041533	2.157040	2.156741	8.318615	3396.024178	2.155203	119.488383	0.069619	283.844928
1103.000000	2.000000	0.042366	7375843.067666	-55289.073140	1055.817110	-29741.956788	0.000000	0.000000	6.043828	9.191940	NaN	0.000000	0.001732	0.001681	28.082486	7.108097	0.002057	3455.572868	7.072637	9.575748	8.788332	0.041995	2.157574	2.157203	9.191940	3455.572868	2.155579	119.530036	0.076901	288.771771
1103.000000	2.000000	0.042895	7375843.077666	-55289.073844	1055.817697	-29741.957096	0.000000	0.000000	6.044302	7.850336	NaN	0.000000	0.001703	0.001656	28.082654	7.172096	0.002067	3469.738406	9.601044	-171.230610	9.244302	0.042563	2.158103	2.157771	7.850336	3469.738406	2.156406	119.621777	0.065626	289.844334
1103.000000	2.000000	0.043356	7375843.087666	-55289.073875	1055.817413	-29741.957690	0.000000	0.000000	6.044737	7.201636	NaN	0.000000	0.001694	0.001663	28.082442	7.213212	0.001862	3873.353029	6.582423	14.923934	7.193362	0.043069	2.158564	2.158277	7.201636	3873.353029	2.157169	119.706527	0.060161	323.445693
1103.000000	2.000000	0.043843	7375843.097666	-55289.073174	1055.818615	-29741.957322	0.000000	0.000000	6.045253	7.933460	NaN	0.000000	0.001682	0.001660	28.082471	7.284768	0.001825	3990.564869	8.911431	-168.159215	7.471013	0.043477	2.159050	2.158684	7.933460	3990.564869	2.157559	119.749795	0.066250	333.173301
1103.000000	2.000000	0.044404	7375843.107666	-55289.073000	1055.818999	-29741.957808	0.000000	0.000000	6.045810	7.838175	NaN	0.000000	0.001724	0.001645	28.082520	7.669193	0.001880	4078.929577	9.985836	6.896874	7.880701	0.044030	2.159611	2.159238	7.838175	4078.929577	2.158170	119.817597	0.065418	340.454525
1103.000000	2.000000	0.044835	7375843.117666	-55289.073140	1055.819000	-29741.958000	0.000000	0.000000	6.046254	8.138381	NaN	0.000000	0.001725	0.001635	28.082515	7.482608	0.001806	4143.120080	10.520904	-174.695576	8.001698	0.044554	2.160043	2.159762	8.138381	4143.120080	2.158569	119.861942	0.067898	345.748314
1103.000000	2.000000	0.045388	7375843.127666	-55289.073844	1055.818890	-29741.957903	0.000000	0.000000	6.046801	7.981822	NaN	0.000000	0.001677	0.001658	28.082444	6.775746	0.001916	3536.017859	8.941353	7.654691	8.019181	0.044983	2.160596	2.160190	7.981822	3536.017859	2.158903	119.899009	0.066571	295.039293
1103.000000	2.000000	0.045886	7375843.137666	-55289.073860	1055.818193	-29741.957212	0.000000	0.000000	6.047247	6.733323	NaN	0.000000	0.001642	0.001699	28.082318	6.551613	0.002123	3086.502403	9.060772	-169.643827	7.710884	0.045676	2.161093	2.160884	6.733323	3086.502403	2.159457	119.960554	0.056129	257.466420
1103.000000	2.000000	0.046371	7375843.147666	-55289.073156	1055.818125	-29741.957098	0.000000	0.000000	6.047744	7.021015	NaN	0.000000	0.001647	0.001716	28.082086	6.542856	0.001989	3288.723656	7.900285	11.925295	6.537567	0.046006	2.161578	2.161213	7.021015	3288.723656	2.159977	120.018334	0.058500	274.269043
1103.000000	2.000000	0.046883	7375843.157666	-55289.073000	1055.818702	-29741.957788	0.000000	0.000000	6.048250	6.889843	NaN	0.000000	0.001666	0.001688	28.082336	6.953907	0.002081	3340.895775	12.238756	-170.896264	7.170022	0.046577	2.162091	2.161784	6.889843	3340.895775	2.160544	120.081318	0.057376	278.546952
1103.000000	2.000000	0.047348	7375843.167667	-55289.073000	1055.818174	-29741.957999	0.000000	0.000000	6.048733	7.310440	NaN	0.000000	0.001662	0.001665	28.082509	6.963703	0.002049	3399.342356	13.868383	8.918292	6.886375	0.047050	2.162556	2.162257	7.310440	3399.342356	2.160943	120.125666	0.060857	283.367610
1103.000000	2.000000	0.047844	7375843.177666	-55289.073124	1055.818110	-29741.958000	0.000000	0.000000	6.049229	7.318049	NaN	0.000000	0.001675	0.001657	28.082773	7.270833	0.002111	3444.264321	11.850322	-171.316227	7.605525	0.047539	2.163052	2.162746	7.318049	3444.264321	2.161458	120.182962	0.060891	287.043837
1103.000000	2.000000	0.048375	7375843.187666	-55289.073702	1055.818697	-29741.958000	0.000000	0.000000	6.049716	6.234251	NaN	0.000000	0.001678	0.001670	28.082517	7.317589	0.002149	3404.375858	11.569972	7.083871	6.882981	0.048015	2.163583	2.163223	6.234251	3404.375858	2.162209	120.266542	0.051837	283.620942
1103.000000	2.000000	0.048860	7375843.197666	-55289.073174	1055.818316	-29741.958000	0.000000	0.000000	6.050211	6.486765	NaN	0.000000	0.001651	0.001683	28.082474	7.325104	0.002054	3566.244429	5.962928	-171.542359	6.185273	0.048519	2.164067	2.163726	6.486765	3566.244429	2.162703	120.321459	0.053912	297.038517
1103.000000	2.000000	0.049350	7375843.207666	-55289.073000	1055.818827	-29741.957903	0.000000	0.000000	6.050722	6.999402	NaN	0.000000	0.001667	0.001680	28.082524	7.191632	0.001950	3687.402919	3.294889	12.442974	6.564616	0.049011	2.164558	2.164218	6.999402	3687.402919	2.163134	120.369432	0.058149	307.068803
1103.000000	2.000000	0.049842	7375843.217666	-55289.073140	1055.819000	-29741.957323	0.000000	0.000000	6.051200	6.659781	NaN	0.000000	0.001643	0.001698	28.082479	6.758793	0.001916	3527.463139	3.751916	-166.094541	7.290085	0.049566	2.165049	2.164774	6.659781	3527.463139	2.163633	120.424989	0.055302	293.682036
1103.000000	2.000000	0.050348	7375843.227666	-55289.073719	1055.819000	-29741.957905	0.000000	0.000000	6.051711	6.783693	NaN	0.000000	0.001651	0.001686	28.082539	6.576515	0.001950	3372.853505	8.040771	11.954167	6.415138	0.049952	2.165555	2.165160	6.783693	3372.853505	2.164047	120.471023	0.056310	280.756219
1103.000000	2.000000	0.050864	7375843.237666	-55289.073174	1055.819124	-29741.958677	0.000000	0.000000	6.052236	6.995832	NaN	0.000000	0.001651	0.001679	28.082530	6.474369	0.001886	3433.428408	5.200883	-168.421175	7.044129	0.050534	2.166072	2.165742	6.995832	3433.428408	2.164544	120.526347	0.058044	285.732871
1103.000000	2.000000	0.051344	7375843.247666	-55289.072861	1055.819577	-29741.958082	0.000000	0.000000	6.052715	6.974950	NaN	0.000000	0.001670	0.001678	28.082597	6.845949	0.002002	3419.450859	7.986952	10.591409	6.960907	0.051018	2.166552	2.166226	6.974950	3419.450859	2.165022	120.579640	0.057845	284.506754
1103.000000	2.000000	0.051857	7375843.257666	-55289.072267	1055.818347	-29741.957317	0.000000	0.000000	6.053227	6.947936	NaN	0.000000	0.001657	0.001678	28.082534	7.289752	0.002117	3443.298216	9.626229	-169.293501	7.137439	0.051501	2.167065	2.166709	6.947936	3443.298216	2.165551	120.638573	0.057593	286.420929
1103.000000	2.000000	0.052360	7375843.267666	-55289.072947	1055.818111	-29741.957827	0.000000	0.000000	6.053724	6.791414	NaN	0.000000	0.001636	0.001702	28.082613	7.389002	0.002029	3641.269054	10.288310	7.640346	6.679271	0.052015	2.167568	2.167223	6.791414	3641.269054	2.166169	120.707415	0.056263	302.802183
1103.000000	2.000000	0.052861	7375843.277666	-55289.073704	1055.818683	-29741.958000	0.000000	0.000000	6.054212	6.495185	NaN	0.000000	0.001655	0.001697	28.082731	7.406348	0.002098	3530.759011	8.642821	-170.382609	6.910069	0.052535	2.168069	2.167743	6.495185	3530.759011	2.166689	120.765363	0.053784	293.541891
1103.000000	2.000000	0.053340	7375843.287666	-55289.073156	1055.818284	-29741.957890	0.000000	0.000000	6.054686	6.363245	NaN	0.000000	0.001658	0.001721	28.082366	7.384189	0.002052	3599.035025	4.172521	10.239676	6.217210	0.052995	2.168547	2.168203	6.363245	3599.035025	2.167221	120.824737	0.052665	299.144726
1103.000000	2.000000	0.053838	7375843.297666	-55289.073000	1055.818808	-29741.957290	0.000000	0.000000	6.055194	6.596035	NaN	0.000000	0.001677	0.001718	28.082411	6.993775	0.002006	3486.342121	8.500374	-170.991674	6.532181	0.053530	2.169046	2.168738	6.596035	3486.342121	2.167627	120.869956	0.054571	289.723703
1103.000000	2.000000	0.054363	7375843.307666	-55289.073140	1055.818999	-29741.957788	0.000000	0.000000	6.055722	6.680463	NaN	0.000000	0.001673	0.001687	28.082597	6.956099	0.002052	3389.275487	13.594327	7.824480	6.605214	0.053944	2.169571	2.169151	6.680463	3389.275487	2.168092	120.921880	0.055246	281.596746
1103.000000	2.000000	0.054842	7375843.317666	-55289.073734	1055.818876	-29741.957889	0.000000	0.000000	6.056196	6.574258	NaN	0.000000	0.001682	0.001674	28.082692	7.047442	0.002046	3445.122254	14.007364	-170.575382	6.679114	0.054524	2.170049	2.169732	6.574258	3445.122254	2.168618	120.980520	0.054341	286.167376
1103.000000	2.000000	0.055360	7375843.327666	-55289.073192	1055.818284	-29741.957290	0.000000	0.000000	6.056687	5.907437	NaN	0.000000	0.001650	0.001684	28.081813	7.151523	0.002039	3507.056204	13.030112	9.468105	6.485935	0.054982	2.170567	2.170190	5.907437	3507.056204	2.169304	121.057067	0.048799	291.219773
1103.000000	2.000000	0.055863	7375843.337666	-55289.073000	1055.818698	-29741.957898	0.000000	0.000000	6.057166	5.329823	NaN	0.000000	0.001638	0.001689	28.081206	7.143770	0.002020	3535.886095	10.340522	-171.889501	5.490870	0.055547	2.171071	2.170755	5.329823	3535.886095	2.169940	121.128084	0.044002	293.527671
1103.000000	2.000000	0.056306	7375843.347666	-55289.073000	1055.818316	-29741.958697	0.000000	0.000000	6.057660	6.550592	NaN	0.000000	0.001639	0.001719	28.081248	7.371048	0.002011	3665.832802	9.879850	8.633445	5.385195	0.055995	2.171514	2.171202	6.550592	3665.832802	2.170174	121.154152	0.054068	304.282313
1103.000000	2.000000	0.056838	7375843.357666	-55289.073000	1055.818702	-29741.958192	0.000000	0.000000	6.058206	6.912745	NaN	0.000000	0.001654	0.001711	28.081336	7.312926	0.001954	3742.578614	7.068153	-171.239677	7.280388	0.056468	2.172045	2.171675	6.912745	3742.578614	2.170660	121.208472	0.057032	310.582978
1103.000000	2.000000	0.057364	7375843.367666	-55289.073124	1055.818174	-29741.958000	0.000000	0.000000	6.058710	6.368412	NaN	0.000000	0.001652	0.001675	28.081390	7.142847	0.002033	3512.803301	8.198540	8.580405	6.505196	0.056999	2.172572	2.172207	6.368412	3512.803301	2.171212	121.270098	0.052514	291.440681
1103.000000	2.000000	0.057874	7375843.377666	-55289.073716	1055.818125	-29741.958000	0.000000	0.000000	6.059219	6.330037	NaN	0.000000	0.001633	0.001681	28.081563	6.973534	0.001915	3641.518863	10.114541	-172.119017	6.404961	0.057588	2.173082	2.172795	6.330037	3641.518863	2.171778	121.333351	0.052171	302.040843
1103.000000	2.000000	0.058319	7375843.387666	-55289.073192	1055.818716	-29741.958000	0.000000	0.000000	6.059679	6.703130	NaN	0.000000	0.001671	0.001672	28.081519	6.649997	0.001941	3425.601022	7.662162	10.544429	6.366923	0.057985	2.173527	2.173193	6.703130	3425.601022	2.172059	121.364774	0.055231	284.095046
1103.000000	2.000000	0.058844	7375843.397666	-55289.073140	1055.818192	-29741.958000	0.000000	0.000000	6.060218	7.042179	NaN	0.000000	0.001627	0.001696	28.081340	6.646519	0.001980	3356.510972	8.239766	-168.282702	6.944748	0.058514	2.174052	2.173722	7.042179	3356.510972	2.172479	121.411631	0.058003	278.311487
1103.000000	2.000000	0.059388	7375843.407666	-55289.073719	1055.818001	-29741.957903	0.000000	0.000000	6.060760	6.998175	NaN	0.000000	0.001639	0.001685	28.081346	6.824569	0.001904	3584.978984	8.930708	12.744736	7.121250	0.059000	2.174596	2.174208	6.998175	3584.978984	2.173132	121.484661	0.057605	297.165985
1103.000000	2.000000	0.059821	7375843.417666	-55289.073064	1055.818124	-29741.957323	0.000000	0.000000	6.061184	6.782251	NaN	0.000000	0.001663	0.001708	28.081448	6.863054	0.001984	3459.106277	8.655716	-169.597291	6.783877	0.059579	2.175029	2.174786	6.782251	3459.106277	2.173558	121.532313	0.055806	286.675930
1103.000000	2.000000	0.060353	7375843.427666	-55289.072333	1055.818702	-29741.957808	0.000000	0.000000	6.061735	7.237277	NaN	0.000000	0.001624	0.001704	28.081341	6.968593	0.002102	3315.378030	5.854616	10.719642	6.855540	0.059952	2.175561	2.175159	7.237277	3315.378030	2.173924	121.573204	0.059530	274.718136
1103.000000	2.000000	0.060850	7375843.437666	-55289.073065	1055.818298	-29741.958000	0.000000	0.000000	6.062228	7.135863	NaN	0.000000	0.001638	0.001683	28.081580	6.671796	0.002076	3213.774886	3.117170	-172.531492	7.552498	0.060578	2.176058	2.175786	7.135863	3213.774886	2.174392	121.625635	0.058671	266.241713
1103.000000	2.000000	0.061323	7375843.447666	-55289.074394	1055.818826	-29741.958000	0.000000	0.000000	6.062717	7.543951	NaN	0.000000	0.001629	0.001686	28.081475	6.901553	0.002084	3312.405536	3.051692	9.511110	6.883658	0.060973	2.176531	2.176181	7.543951	3312.405536	2.174822	121.673752	0.062001	274.358397
1103.000000	2.000000	0.061859	7375843.457666	-55289.073524	1055.819000	-29741.958000	0.000000	0.000000	6.063275	8.043999	NaN	0.000000	0.001638	0.001694	28.081541	7.158434	0.002106	3399.362982	2.877448	-167.686934	8.139505	0.061478	2.177067	2.176685	8.043999	3399.362982	2.175292	121.726349	0.066083	281.500032
1103.000000	2.000000	0.062353	7375843.467666	-55289.073705	1055.819124	-29741.958110	0.000000	0.000000	6.063729	7.099565	NaN	0.000000	0.001645	0.001687	28.081404	7.505184	0.001991	3769.119450	5.289482	11.217901	7.859566	0.061940	2.177561	2.177148	7.099565	3769.119450	2.176148	121.822142	0.058278	311.996694
1103.000000	2.000000	0.062828	7375843.477666	-55289.073059	1055.819577	-29741.958807	0.000000	0.000000	6.064170	6.263237	NaN	0.000000	0.001642	0.001675	28.081492	7.469813	0.001831	4079.762172	7.751114	-169.190024	6.663155	0.062561	2.178036	2.177769	6.263237	4079.762172	2.176884	121.904564	0.051378	337.596605
1103.000000	2.000000	0.063315	7375843.487666	-55289.072337	1055.818457	-29741.959000	0.000000	0.000000	6.064687	6.980622	NaN	0.000000	0.001631	0.001662	28.081419	7.591933	0.001922	3949.768027	12.517024	7.379823	6.245556	0.062934	2.178523	2.178141	6.980622	3949.768027	2.177198	121.939650	0.057247	326.792683
1103.000000	2.000000	0.063833	7375843.497666	-55289.072687	1055.818559	-29741.959000	0.000000	0.000000	6.065213	7.201268	NaN	0.000000	0.001621	0.001648	28.081343	7.032218	0.001860	3780.495176	6.418931	-165.912048	7.121432	0.063517	2.179041	2.178725	7.201268	3780.495176	2.177612	121.986071	0.059034	312.728005
1103.000000	2.000000	0.064342	7375843.507666	-55289.072280	1055.817568	-29741.959000	0.000000	0.000000	6.065759	8.080342	NaN	0.000000	0.001629	0.001658	28.081347	6.946848	0.001825	3806.246854	7.738602	11.999936	7.401880	0.063947	2.179550	2.179155	8.080342	3806.246854	2.177958	122.024843	0.066219	314.808195
1103.000000	2.000000	0.064832	7375843.517666	-55289.072547	1055.818615	-29741.959000	0.000000	0.000000	6.066236	7.779220	NaN	0.000000	0.001646	0.001681	28.081759	6.864420	0.001950	3519.422158	11.096400	-170.720549	8.375731	0.064524	2.180039	2.179732	7.779220	3519.422158	2.178382	122.072314	0.063726	291.028809
1103.000000	2.000000	0.065339	7375843.527666	-55289.071409	1055.818875	-29741.958890	0.000000	0.000000	6.066721	7.229947	NaN	0.000000	0.001666	0.001682	28.081600	6.176482	0.001953	3162.891542	7.881891	13.210131	7.301369	0.065005	2.180547	2.180212	7.229947	3162.891542	2.178833	122.122885	0.059202	261.492344
1103.000000	2.000000	0.065831	7375843.537666	-55289.071912	1055.818284	-29741.958193	0.000000	0.000000	6.067252	8.166573	NaN	0.000000	0.001658	0.001647	28.081547	6.176635	0.001953	3163.392079	10.541679	-168.544494	7.353868	0.065528	2.181039	2.180736	8.166573	3163.392079	2.179103	122.153191	0.066855	261.501281
1103.000000	2.000000	0.066358	7375843.547666	-55289.072826	1055.818698	-29741.958098	0.000000	0.000000	6.067773	8.044467	NaN	0.000000	0.001637	0.001650	28.081349	6.481598	0.002048	3164.282730	18.510221	8.899143	8.562648	0.065985	2.181565	2.181192	8.044467	3164.282730	2.179659	122.215505	0.065822	261.508214
1103.000000	2.000000	0.066838	7375843.557667	-55289.073124	1055.818192	-29741.958690	0.000000	0.000000	6.068237	7.653509	NaN	0.000000	0.001655	0.001643	28.081457	6.615783	0.002164	3057.840043	18.370118	-171.964477	7.940392	0.066524	2.182046	2.181732	7.653509	3057.840043	2.180168	122.272673	0.062594	252.652306
1103.000000	2.000000	0.067346	7375843.567666	-55289.073716	1055.818000	-29741.958212	0.000000	0.000000	6.068739	7.508760	NaN	0.000000	0.001660	0.001651	28.081516	6.489686	0.002021	3210.475720	13.918911	8.067040	7.446716	0.066972	2.182553	2.182180	7.508760	3210.475720	2.180799	122.343434	0.061374	265.187020
1103.000000	2.000000	0.067868	7375843.577666	-55289.073192	1055.817876	-29741.958001	0.000000	0.000000	6.069264	7.564901	NaN	0.000000	0.001644	0.001661	28.081490	6.821816	0.002137	3191.827320	9.157725	-170.891510	7.566393	0.067516	2.183076	2.182723	7.564901	3191.827320	2.181299	122.399461	0.061805	263.586305
1103.000000	2.000000	0.068316	7375843.587666	-55289.073000	1055.817394	-29741.958000	0.000000	0.000000	6.069733	8.086727	NaN	0.000000	0.001647	0.001673	28.081514	7.174265	0.002115	3392.698144	7.270627	8.846732	7.527247	0.068003	2.183523	2.183210	8.086727	3392.698144	2.181736	122.448531	0.066042	280.118400
1103.000000	2.000000	0.068829	7375843.597666	-55289.073000	1055.818615	-29741.958000	0.000000	0.000000	6.070236	7.832615	NaN	0.000000	0.001647	0.001663	28.081336	6.883682	0.002090	3294.414067	2.410615	-168.805952	8.395049	0.068504	2.184037	2.183711	7.832615	3294.414067	2.182254	122.506696	0.063936	271.938987
1103.000000	2.000000	0.069342	7375843.607666	-55289.073000	1055.818875	-29741.958000	0.000000	0.000000	6.070743	7.694582	NaN	0.000000	0.001654	0.001672	28.081177	7.357433	0.002103	3498.387538	7.412655	7.479500	7.439730	0.068969	2.184550	2.184177	7.694582	3498.387538	2.182900	122.579305	0.062772	288.690536
1103.000000	2.000000	0.069818	7375843.617666	-55289.073000	1055.818284	-29741.958000	0.000000	0.000000	6.071225	7.840104	NaN	0.000000	0.001632	0.001664	28.081258	7.176559	0.001883	3811.824621	9.845552	-172.681101	7.993330	0.069552	2.185026	2.184759	7.840104	3811.824621	2.183483	122.644766	0.063925	314.471728
1103.000000	2.000000	0.070338	7375843.627666	-55289.073000	1055.818613	-29741.958124	0.000000	0.000000	6.071716	7.136896	NaN	0.000000	0.001645	0.001653	28.081236	7.140389	0.001946	3669.878890	14.696592	7.512878	7.743247	0.069927	2.185546	2.185135	7.136896	3669.878890	2.184087	122.712608	0.058159	302.677645
1103.000000	2.000000	0.070847	7375843.637666	-55289.073140	1055.817535	-29741.958826	0.000000	0.000000	6.072212	6.819831	NaN	0.000000	0.001644	0.001662	28.081188	7.280829	0.001907	3817.085543	17.504129	-173.147159	6.894315	0.070535	2.186055	2.185743	6.819831	3817.085543	2.184715	122.783136	0.055544	314.728258
1103.000000	2.000000	0.071336	7375843.647666	-55289.073595	1055.817919	-29741.959000	0.000000	0.000000	6.072696	6.693722	NaN	0.000000	0.001692	0.001648	28.081253	7.173315	0.001986	3611.949057	15.923494	7.228214	6.652715	0.071005	2.186544	2.186212	6.693722	3611.949057	2.185154	122.832528	0.054495	297.754358
1103.000000	2.000000	0.071816	7375843.657666	-55289.072472	1055.818587	-29741.959000	0.000000	0.000000	6.073171	6.595337	NaN	0.000000	0.001687	0.001648	28.081385	7.176594	0.002063	3478.961315	14.930683	-173.525779	6.763567	0.071509	2.187024	2.186717	6.595337	3478.961315	2.185602	122.882888	0.053672	286.732619
1103.000000	2.000000	0.072331	7375843.667666	-55289.072827	1055.817605	-29741.959110	0.000000	0.000000	6.073697	6.842664	NaN	0.000000	0.001664	0.001649	28.081188	6.726107	0.001974	3406.683541	9.271815	7.271133	6.393223	0.072000	2.187539	2.187207	6.842664	3406.683541	2.186032	122.931305	0.055663	280.720257
1103.000000	2.000000	0.072841	7375843.677666	-55289.073000	1055.818506	-29741.959807	0.000000	0.000000	6.074200	6.682325	NaN	0.000000	0.001652	0.001677	28.081094	6.762544	0.001941	3483.288074	7.559983	-172.251180	7.071449	0.072523	2.188049	2.187731	6.682325	3483.288074	2.186610	122.996298	0.054329	286.956838
1103.000000	2.000000	0.073335	7375843.687666	-55289.073000	1055.818302	-29741.959902	0.000000	0.000000	6.074695	6.709264	NaN	0.000000	0.001665	0.001663	28.081052	6.389543	0.001879	3399.914111	5.095909	9.081864	6.336335	0.072993	2.188542	2.188201	6.709264	3399.914111	2.187062	123.047180	0.054526	280.030489
1103.000000	2.000000	0.073854	7375843.697666	-55289.073000	1055.818684	-29741.959102	0.000000	0.000000	6.075207	6.536982	NaN	0.000000	0.001670	0.001677	28.081002	6.647967	0.001919	3464.253103	6.473309	-171.371935	7.069915	0.073512	2.189062	2.188720	6.536982	3464.253103	2.187647	123.112935	0.053097	285.253498
1103.000000	2.000000	0.074317	7375843.707666	-55289.072876	1055.818283	-29741.958290	0.000000	0.000000	6.075657	6.206202	NaN	0.000000	0.001665	0.001679	28.080905	7.076326	0.002064	3429.056282	11.573893	7.325602	5.995837	0.073990	2.189525	2.189197	6.206202	3429.056282	2.188168	123.171574	0.050387	282.288102
1103.000000	2.000000	0.074826	7375843.717666	-55289.072368	1055.818559	-29741.958788	0.000000	0.000000	6.076188	6.761801	NaN	0.000000	0.001681	0.001700	28.081288	7.063037	0.001965	3594.431008	9.118000	-170.723802	6.439386	0.074530	2.190034	2.189738	6.761801	3594.431008	2.188623	123.222827	0.054875	295.840599
1103.000000	2.000000	0.075334	7375843.727666	-55289.073451	1055.817457	-29741.958999	0.000000	0.000000	6.076700	6.859634	NaN	0.000000	0.001685	0.001681	28.081235	7.209861	0.001969	3661.284072	9.226453	10.121136	6.882901	0.074932	2.190541	2.190139	6.859634	3661.284072	2.189136	123.280636	0.055642	301.272297
1103.000000	2.000000	0.075826	7375843.737666	-55289.073048	1055.817698	-29741.959000	0.000000	0.000000	6.077221	7.564415	NaN	0.000000	0.001660	0.001681	28.081114	6.974338	0.001894	3682.527773	8.705652	-169.737842	6.861943	0.075508	2.191034	2.190715	7.564415	3682.527773	2.189493	123.320815	0.061339	302.970989
1103.000000	2.000000	0.076323	7375843.747666	-55289.072298	1055.817302	-29741.959000	0.000000	0.000000	6.077705	7.254192	NaN	0.000000	0.001673	0.001666	28.081282	7.152585	0.002075	3446.383058	14.287770	6.869225	7.828320	0.075985	2.191531	2.191193	7.254192	3446.383058	2.189952	123.372529	0.058799	283.483326
1103.000000	2.000000	0.076831	7375843.757666	-55289.072826	1055.818057	-29741.959000	0.000000	0.000000	6.078188	6.646645	NaN	0.000000	0.001676	0.001663	28.081340	6.653352	0.002028	3281.291496	10.665121	-173.108256	6.917710	0.076499	2.192038	2.191707	6.646645	3281.291496	2.190519	123.436455	0.053847	269.833769
1103.000000	2.000000	0.077350	7375843.767666	-55289.073000	1055.819432	-29741.959000	0.000000	0.000000	6.078707	6.630914	NaN	0.000000	0.001663	0.001671	28.081182	6.587609	0.002006	3284.477310	8.144654	9.245936	6.585550	0.077016	2.192558	2.192224	6.630914	3284.477310	2.191044	123.495586	0.053694	270.031081
1103.000000	2.000000	0.077818	7375843.777666	-55289.072876	1055.818495	-29741.958890	0.000000	0.000000	6.079186	6.916101	NaN	0.000000	0.001662	0.001681	28.081121	6.463606	0.002010	3215.282843	6.719642	-165.214760	6.778170	0.077481	2.193025	2.192689	6.916101	3215.282843	2.191412	123.537102	0.055984	264.297883
1103.000000	2.000000	0.078333	7375843.787666	-55289.072298	1055.818698	-29741.958290	0.000000	0.000000	6.079716	7.266209	NaN	0.000000	0.001657	0.001694	28.081260	6.733421	0.001926	3496.015570	10.471590	9.428190	6.847670	0.077968	2.193541	2.193176	7.266209	3496.015570	2.191982	123.601338	0.058787	287.299571
1103.000000	2.000000	0.078817	7375843.797666	-55289.072826	1055.818192	-29741.958788	0.000000	0.000000	6.080209	7.499440	NaN	0.000000	0.001636	0.001700	28.081453	6.808556	0.001999	3406.352579	14.078477	-173.222453	7.609720	0.078502	2.194024	2.193710	7.499440	3406.352579	2.192373	123.645474	0.060653	279.881178
1103.000000	2.000000	0.079356	7375843.807666	-55289.073000	1055.818111	-29741.958999	0.000000	0.000000	6.080725	6.938835	NaN	0.000000	0.001643	0.001683	28.081186	6.599247	0.002053	3214.274785	12.903877	9.023746	7.189461	0.078972	2.194563	2.194180	6.938835	3214.274785	2.192944	123.709918	0.056090	264.030409
1103.000000	2.000000	0.079803	7375843.817666	-55289.073000	1055.818697	-29741.959000	0.000000	0.000000	6.081189	7.348758	NaN	0.000000	0.001631	0.001665	28.081188	6.585448	0.001941	3391.950100	4.280570	-171.674328	7.049175	0.079568	2.195010	2.194776	7.348758	3391.950100	2.193385	123.759676	0.059379	278.569189
1103.000000	2.000000	0.080332	7375843.827666	-55289.073000	1055.818082	-29741.959110	0.000000	0.000000	6.081721	7.409031	NaN	0.000000	0.001625	0.001651	28.081066	6.769934	0.001936	3497.445620	5.494932	6.473843	7.558633	0.079966	2.195539	2.195174	7.409031	3497.445620	2.193951	123.823480	0.059835	287.159160
1103.000000	2.000000	0.080835	7375843.837666	-55289.073000	1055.817413	-29741.959697	0.000000	0.000000	6.082229	7.532551	NaN	0.000000	0.001630	0.001633	28.081065	6.500133	0.001890	3438.852701	1.763074	-171.752585	7.478714	0.080470	2.196043	2.195678	7.532551	3438.852701	2.194400	123.874236	0.060808	282.290514
1103.000000	2.000000	0.081309	7375843.847666	-55289.072890	1055.818615	-29741.959192	0.000000	0.000000	6.082716	7.834602	NaN	0.000000	0.001626	0.001651	28.081376	6.509428	0.002017	3226.982606	8.503773	9.278180	7.471367	0.080990	2.196517	2.196197	7.834602	3226.982606	2.194696	123.907623	0.063229	264.862710
1103.000000	2.000000	0.081816	7375843.857666	-55289.072472	1055.818875	-29741.959000	0.000000	0.000000	6.083213	7.583228	NaN	0.000000	0.001634	0.001629	28.081702	6.485514	0.001989	3260.284755	8.571303	-168.936686	8.140141	0.081508	2.197024	2.196715	7.583228	3260.284755	2.195280	123.973542	0.061168	267.524915
1103.000000	2.000000	0.082332	7375843.867666	-55289.073564	1055.818174	-29741.959000	0.000000	0.000000	6.083691	6.686826	NaN	0.000000	0.001659	0.001653	28.081255	6.874745	0.001966	3496.169770	11.270256	7.838541	7.193624	0.081958	2.197539	2.197166	6.686826	3496.169770	2.196105	124.066750	0.053897	286.772840
1103.000000	2.000000	0.082809	7375843.877666	-55289.073034	1055.818125	-29741.959000	0.000000	0.000000	6.084184	7.071103	NaN	0.000000	0.001644	0.001624	28.081167	7.218613	0.002067	3492.989110	10.336237	-171.019566	6.581991	0.082516	2.198017	2.197724	7.071103	3492.989110	2.196498	124.111215	0.056974	286.460618
1103.000000	2.000000	0.083321	7375843.887666	-55289.072157	1055.818951	-29741.959110	0.000000	0.000000	6.084715	7.526639	NaN	0.000000	0.001656	0.001632	28.081169	7.217184	0.002039	3539.016853	7.692559	8.091473	7.238485	0.082986	2.198529	2.198193	7.526639	3539.016853	2.196934	124.160406	0.060620	290.177861
1103.000000	2.000000	0.083837	7375843.897666	-55289.072249	1055.819716	-29741.959710	0.000000	0.000000	6.085225	7.395079	NaN	0.000000	0.001654	0.001625	28.081192	7.410631	0.002084	3556.204226	6.878624	-171.298272	7.569825	0.083513	2.199045	2.198720	7.395079	3556.204226	2.197485	124.222737	0.059531	291.513958
1103.000000	2.000000	0.084339	7375843.907666	-55289.073542	1055.819317	-29741.959322	0.000000	0.000000	6.085701	6.764295	NaN	0.000000	0.001644	0.001656	28.081111	7.132659	0.002065	3454.145234	5.640246	10.724629	7.284321	0.083979	2.199546	2.199186	6.764295	3454.145234	2.198078	124.289771	0.054424	283.071474
1103.000000	2.000000	0.084799	7375843.917666	-55289.073332	1055.819702	-29741.959711	0.000000	0.000000	6.086144	6.328877	NaN	0.000000	0.001677	0.001660	28.081459	6.705833	0.001950	3439.419335	10.429201	-172.919751	6.677103	0.084498	2.200007	2.199706	6.328877	3439.419335	2.198627	124.351898	0.050895	281.794249
1103.000000	2.000000	0.085322	7375843.927666	-55289.073650	1055.819173	-29741.959322	0.000000	0.000000	6.086666	6.326729	NaN	0.000000	0.001672	0.001685	28.081368	6.778432	0.002087	3248.079601	14.990257	7.130072	6.076209	0.084972	2.200530	2.200179	6.326729	3248.079601	2.199069	124.401883	0.050857	266.064170
1103.000000	2.000000	0.085824	7375843.937666	-55289.072549	1055.818890	-29741.959808	0.000000	0.000000	6.087178	6.542757	NaN	0.000000	0.001671	0.001693	28.081299	6.710058	0.001960	3423.755852	10.349057	-170.593843	6.671366	0.085520	2.201032	2.200727	6.542757	3423.755852	2.199599	124.461835	0.052568	280.387013
1103.000000	2.000000	0.086280	7375843.947666	-55289.072827	1055.818193	-29741.960000	0.000000	0.000000	6.087665	7.325813	NaN	0.000000	0.001673	0.001658	28.081242	6.894640	0.001960	3517.399261	11.556577	10.579355	6.635436	0.085907	2.201487	2.201114	7.325813	3517.399261	2.199925	124.498791	0.058842	288.013144
1103.000000	2.000000	0.086829	7375843.957666	-55289.073000	1055.818001	-29741.959903	0.000000	0.000000	6.088224	7.544508	NaN	0.000000	0.001656	0.001660	28.081298	6.996400	0.001894	3693.618972	11.852138	-170.323884	7.712143	0.086477	2.202037	2.201684	7.544508	3693.618972	2.200505	124.564395	0.060567	302.362785
1103.000000	2.000000	0.087339	7375843.967666	-55289.073000	1055.818249	-29741.959212	0.000000	0.000000	6.088713	7.042220	NaN	0.000000	0.001635	0.001663	28.081126	7.086322	0.002001	3541.451111	10.305665	8.050841	7.208532	0.087009	2.202547	2.202217	7.042220	3541.451111	2.201056	124.626785	0.056506	289.833620
1103.000000	2.000000	0.087822	7375843.977666	-55289.073000	1055.819555	-29741.959001	0.000000	0.000000	6.089177	6.576502	NaN	0.000000	0.001671	0.001678	28.081131	6.739602	0.001980	3404.340371	6.699972	-170.525898	7.079640	0.087519	2.203030	2.202727	6.576502	3404.340371	2.201581	124.686279	0.052744	278.545950
1103.000000	2.000000	0.088326	7375843.987666	-55289.072903	1055.819087	-29741.959220	0.000000	0.000000	6.089691	6.802694	NaN	0.000000	0.001649	0.001667	28.081269	6.106051	0.002050	2978.138383	3.259422	10.879962	6.437942	0.087954	2.203534	2.203162	6.802694	2978.138383	2.201821	124.713461	0.054547	243.647194
1103.000000	2.000000	0.088801	7375843.997666	-55289.072352	1055.818299	-29741.960505	0.000000	0.000000	6.090188	7.367562	NaN	0.000000	0.001612	0.001660	28.081314	6.375225	0.002032	3138.061984	4.883495	-172.404851	7.074115	0.088520	2.204008	2.203728	7.367562	3138.061984	2.202248	124.761783	0.059053	256.681127
1103.000000	2.000000	0.089324	7375844.007666	-55289.072747	1055.818578	-29741.960081	0.000000	0.000000	6.090716	7.480918	NaN	0.000000	0.001625	0.001672	28.081586	6.563755	0.001911	3434.650196	3.421047	9.684348	7.488212	0.088953	2.204532	2.204161	7.480918	3434.650196	2.202898	124.835536	0.059926	280.857874
1103.000000	2.000000	0.089833	7375844.017666	-55289.072212	1055.817596	-29741.959193	0.000000	0.000000	6.091216	7.260293	NaN	0.000000	0.001649	0.001670	28.082418	6.563696	0.001985	3305.980738	2.279914	-166.142567	7.533045	0.089535	2.205040	2.204743	7.260293	3305.980738	2.203393	124.891640	0.058133	270.275600
1103.000000	2.000000	0.090326	7375844.027666	-55289.072140	1055.818653	-29741.959000	0.000000	0.000000	6.091714	7.374475	NaN	0.000000	0.001669	0.001651	28.082416	7.164831	0.001932	3709.227329	7.666362	10.373635	7.207579	0.089918	2.205534	2.205126	7.374475	3709.227329	2.204043	124.965291	0.059012	303.153059
1103.000000	2.000000	0.090808	7375844.037666	-55289.072844	1055.818875	-29741.959110	0.000000	0.000000	6.092175	6.890920	NaN	0.000000	0.001650	0.001661	28.082563	7.401714	0.001961	3773.877053	9.941362	-172.078435	7.352209	0.090530	2.206015	2.205738	6.890920	3773.877053	2.204646	125.033663	0.055113	308.352503
1103.000000	2.000000	0.091312	7375844.047666	-55289.073110	1055.818423	-29741.959697	0.000000	0.000000	6.092687	7.080082	NaN	0.000000	0.001655	0.001657	28.082597	7.250152	0.001873	3871.849210	8.363726	7.931248	6.736491	0.090982	2.206519	2.206190	7.080082	3871.849210	2.205148	125.090606	0.056600	316.285509
1103.000000	2.000000	0.091815	7375844.057666	-55289.073683	1055.819653	-29741.959192	0.000000	0.000000	6.093188	7.028854	NaN	0.000000	0.001640	0.001673	28.082708	6.821047	0.002007	3398.742889	3.936949	-170.078746	7.314024	0.091505	2.207022	2.206713	7.028854	3398.742889	2.205471	125.127312	0.056174	277.597443
1103.000000	2.000000	0.092331	7375844.067666	-55289.073298	1055.819999	-29741.959098	0.000000	0.000000	6.093669	6.176964	NaN	0.000000	0.001630	0.001689	28.082565	6.421493	0.001963	3271.883517	3.479313	12.369519	6.872344	0.091938	2.207539	2.207146	6.176964	3271.883517	2.206123	125.201257	0.049336	267.157085
1103.000000	2.000000	0.092834	7375844.077666	-55289.073578	1055.819890	-29741.959690	0.000000	0.000000	6.094145	5.532795	NaN	0.000000	0.001626	0.001677	28.082497	6.600780	0.002042	3233.085000	10.802560	-170.833447	5.801171	0.092539	2.208041	2.207747	5.532795	3233.085000	2.206758	125.273328	0.044166	263.913145
1103.000000	2.000000	0.093291	7375844.087666	-55289.072472	1055.819193	-29741.959212	0.000000	0.000000	6.094609	5.698744	NaN	0.000000	0.001642	0.001649	28.082347	6.808705	0.002046	3327.982011	11.433727	7.567437	5.448231	0.092963	2.208499	2.208171	5.698744	3327.982011	2.207214	125.325163	0.045472	271.603297
1103.000000	2.000000	0.093800	7375844.097666	-55289.072951	1055.819000	-29741.959098	0.000000	0.000000	6.095139	6.202520	NaN	0.000000	0.001631	0.001644	28.082249	7.157639	0.001969	3635.136436	10.517564	-170.964124	5.733762	0.093459	2.209007	2.208667	6.202520	3635.136436	2.207728	125.383460	0.049468	296.601810
1103.000000	2.000000	0.094335	7375844.107666	-55289.073701	1055.819000	-29741.959788	0.000000	0.000000	6.095682	6.403501	NaN	0.000000	0.001633	0.001627	28.082394	7.205013	0.002004	3594.859789	14.835374	9.160314	6.454781	0.093949	2.209542	2.209156	6.403501	3594.859789	2.208206	125.437842	0.051049	293.251927
1103.000000	2.000000	0.094822	7375844.117666	-55289.073049	1055.818890	-29741.959889	0.000000	0.000000	6.096155	6.028559	NaN	0.000000	0.001626	0.001635	28.082372	7.024136	0.002161	3251.073709	14.731428	-169.731236	6.357390	0.094539	2.210030	2.209747	6.028559	3251.073709	2.208639	125.487060	0.048041	265.155445
1103.000000	2.000000	0.095309	7375844.127666	-55289.072423	1055.818193	-29741.959193	0.000000	0.000000	6.096644	6.104133	NaN	0.000000	0.001609	0.001659	28.082469	6.740240	0.002158	3122.776972	9.208090	9.677826	5.891871	0.094949	2.210517	2.210157	6.104133	3122.776972	2.209051	125.533801	0.048625	254.644227
1103.000000	2.000000	0.095790	7375844.137666	-55289.073542	1055.818125	-29741.959111	0.000000	0.000000	6.097125	6.104766	NaN	0.000000	0.001633	0.001666	28.082712	6.487009	0.001967	3298.067113	2.117486	-168.150353	6.111858	0.095503	2.210998	2.210710	6.104766	3298.067113	2.209609	125.597294	0.048606	268.870128
1103.000000	2.000000	0.096277	7375844.147666	-55289.073192	1055.818716	-29741.959807	0.000000	0.000000	6.097641	6.781666	NaN	0.000000	0.001637	0.001654	28.082386	6.266130	0.001834	3417.057142	2.168912	10.476021	6.230045	0.095947	2.211485	2.211154	6.781666	3417.057142	2.209997	125.641338	0.053976	278.521786
1103.000000	2.000000	0.096846	7375844.157666	-55289.073000	1055.818317	-29741.960110	0.000000	0.000000	6.098235	7.407189	NaN	0.000000	0.001638	0.001632	28.082458	6.495574	0.001952	3327.614516	4.948566	-169.730591	7.179132	0.096454	2.212054	2.211662	7.407189	3327.614516	2.210384	125.685383	0.058934	271.183855
1103.000000	2.000000	0.097338	7375844.167666	-55289.073000	1055.818937	-29741.960710	0.000000	0.000000	6.098714	7.080976	NaN	0.000000	0.001602	0.001641	28.082348	6.662164	0.001985	3356.047608	11.059416	9.154847	7.279228	0.097023	2.212546	2.212231	7.080976	3356.047608	2.210964	125.751318	0.056309	273.429297
1103.000000	2.000000	0.097761	7375844.177666	-55289.073000	1055.819558	-29741.960212	0.000000	0.000000	6.099131	6.961018	NaN	0.000000	0.001616	0.001650	28.082318	6.901039	0.002037	3388.146306	17.471476	-174.637991	6.998965	0.097509	2.212968	2.212717	6.961018	3388.146306	2.211427	125.804055	0.055332	275.986629
1103.000000	2.000000	0.098299	7375844.187666	-55289.072860	1055.818457	-29741.960001	0.000000	0.000000	6.099686	7.353710	NaN	0.000000	0.001637	0.001654	28.082371	6.662684	0.001968	3385.227367	14.869842	5.889617	7.055946	0.097964	2.213507	2.213172	7.353710	3385.227367	2.211878	125.855331	0.058430	275.692684
1103.000000	2.000000	0.098812	7375844.197666	-55289.072296	1055.818684	-29741.960000	0.000000	0.000000	6.100190	7.145288	NaN	0.000000	0.001644	0.001657	28.082418	6.720268	0.001964	3421.592957	8.627465	-173.603014	7.597487	0.098466	2.214019	2.213674	7.145288	3421.592957	2.212453	125.920784	0.056744	278.581864
1103.000000	2.000000	0.099310	7375844.207666	-55289.072844	1055.818173	-29741.960097	0.000000	0.000000	6.100695	7.311106	NaN	0.000000	0.001618	0.001634	28.082638	6.738711	0.002079	3240.978278	1.782139	11.588210	6.866773	0.098920	2.214517	2.214127	7.311106	3240.978278	2.212825	125.963181	0.058042	263.832029
1103.000000	2.000000	0.099801	7375844.217666	-55289.073000	1055.817876	-29741.960677	0.000000	0.000000	6.101183	7.248952	NaN	0.000000	0.001594	0.001637	28.082418	6.772976	0.001956	3463.057651	-0.101888	-168.010025	7.451435	0.099524	2.215009	2.214731	7.248952	3463.057651	2.213439	126.033019	0.057516	281.832295
1103.000000	2.000000	0.100316	7375844.227666	-55289.073000	1055.817174	-29741.960192	0.000000	0.000000	6.101699	7.251361	NaN	0.000000	0.001626	0.001629	28.082357	6.887029	0.002105	3271.047263	5.492315	8.409830	7.128792	0.099936	2.215524	2.215144	7.251361	3271.047263	2.213861	126.081155	0.057513	266.155189
1103.000000	2.000000	0.100796	7375844.237666	-55289.073000	1055.817249	-29741.960000	0.000000	0.000000	6.102173	7.127267	NaN	0.000000	0.001654	0.001618	28.082455	6.738332	0.002054	3280.508118	6.556833	-169.460235	7.183071	0.100548	2.216004	2.215756	7.127267	3280.508118	2.214374	126.139550	0.056503	266.863198
1103.000000	2.000000	0.101328	7375844.247666	-55289.073000	1055.818652	-29741.960000	0.000000	0.000000	6.102700	7.002872	NaN	0.000000	0.001650	0.001641	28.082391	7.237425	0.001951	3708.878567	9.521339	5.930663	7.234677	0.100896	2.216536	2.216104	7.002872	3708.878567	2.215120	126.224506	0.055479	301.608781
1103.000000	2.000000	0.101775	7375844.257666	-55289.073000	1055.818999	-29741.960000	0.000000	0.000000	6.103130	6.571604	NaN	0.000000	0.001657	0.001635	28.082443	7.037380	0.001925	3656.328096	10.266325	-171.843528	6.742773	0.101505	2.216983	2.216713	6.571604	3656.328096	2.215635	126.283253	0.052039	297.266169
1103.000000	2.000000	0.102332	7375844.267666	-55289.072903	1055.819000	-29741.959890	0.000000	0.000000	6.103682	6.455585	NaN	0.000000	0.001646	0.001653	28.082474	6.880432	0.001885	3650.355402	11.037393	9.207807	6.541072	0.101909	2.217540	2.217116	6.455585	3650.355402	2.216213	126.349185	0.051093	296.703134
