																														
2025-07-22, 16:23:58, 1																														
Index	Phase	Displacement	Time	Pos X	Pos Y	Pos Z	Rot A	Rot B	Piezo Z	Force A	Force B	Gripper	Voltage A	Voltage B	Temperature	Amplitude force	Amplitude pos	Stiffness	Phase shift	Phase excitation	Force A raw	Displacement raw	HMax	HMax raw	Real Force	Real Stiffness	Contact Depth	Area	Hardness	Reduced Mod.
[#]	[#]	[um]	[s]	[um]	[um]	[um]	[m°]	[m°]	[um]	[uN]	[uN]	[V]	[V]	[V]	[°C]	[uN]	[um]	[N/m]	[°]	[°]	[uN]	[um]	[um]	[um]	[uN]	[N/m]	[um]	[um^2]	[MPa]	[MPa]
1099.000000	1.000000	0.002979	7375809.177666	-55089.071999	1055.818697	-29742.255212	0.000000	0.000000	6.004320	4.091090	NaN	0.000000	0.001677	0.001749	28.082714	2.876422	0.000873	3295.417635	13.332587	-176.616049	2.024286	0.001706	-0.008508	-0.009780	4.091090	3295.417635	-0.009439	-0.006066	-674.457495	NaN
1099.000000	1.000000	0.004882	7375809.187666	-55089.072140	1055.818413	-29742.255001	0.000000	0.000000	6.006352	7.206362	NaN	0.000000	0.001628	0.001727	28.082522	3.053084	0.000790	3866.022129	14.321882	-1.287299	5.075854	0.003584	-0.006605	-0.007903	7.206362	3866.022129	-0.008003	-0.005233	-1377.054803	NaN
1099.000000	1.000000	0.006815	7375809.197666	-55089.072747	1055.819615	-29742.255000	0.000000	0.000000	6.008374	9.372046	NaN	0.000000	0.001654	0.001718	28.081639	2.566651	0.000897	2861.826614	7.827478	-169.684715	8.562517	0.005539	-0.004672	-0.005948	9.372046	2861.826614	-0.007128	-0.004717	-1986.954322	NaN
1099.000000	2.000000	0.007998	7375809.207666	-55089.072322	1055.819999	-29742.255000	0.000000	0.000000	6.009575	9.808925	NaN	0.000000	0.001676	0.001720	28.081292	2.309726	0.000958	2411.861774	13.131390	11.356917	9.510867	0.007378	-0.003488	-0.004108	9.808925	2411.861774	-0.006539	-0.004363	-2248.001601	NaN
1099.000000	2.000000	0.008588	7375809.217667	-55089.072529	1055.820000	-29742.255000	0.000000	0.000000	6.010150	9.444887	NaN	0.000000	0.001656	0.001702	28.081515	2.206965	0.000980	2251.957704	8.373942	-167.294110	9.617521	0.008247	-0.002898	-0.003240	9.444887	2251.957704	-0.006044	-0.004063	-2324.535597	NaN
1099.000000	2.000000	0.009177	7375809.227667	-55089.071452	1055.819876	-29742.255000	0.000000	0.000000	6.010731	9.270161	NaN	0.000000	0.001652	0.001723	28.081559	2.861273	0.001182	2420.780038	14.662508	15.777994	9.499507	0.008763	-0.002310	-0.002724	9.270161	2420.780038	-0.005182	-0.003531	-2625.637617	NaN
1099.000000	2.000000	0.009628	7375809.237666	-55089.071969	1055.819174	-29742.255000	0.000000	0.000000	6.011158	8.667160	NaN	0.000000	0.001676	0.001724	28.081659	4.078920	0.001595	2557.994459	18.396386	-168.932154	9.495217	0.009473	-0.001859	-0.002014	8.667160	2557.994459	-0.004400	-0.003036	-2854.403987	NaN
1099.000000	2.000000	0.010044	7375809.247666	-55089.072716	1055.818876	-29742.255000	0.000000	0.000000	6.011579	8.796557	NaN	0.000000	0.001684	0.001726	28.081437	4.080729	0.001624	2512.170963	15.863534	10.845309	8.157501	0.009677	-0.001443	-0.001810	8.796557	2512.170963	-0.004069	-0.002824	-3115.343982	NaN
1099.000000	2.000000	0.010528	7375809.257666	-55089.072192	1055.818298	-29742.255097	0.000000	0.000000	6.012084	9.304434	NaN	0.000000	0.001681	0.001740	28.081625	3.738979	0.001603	2332.188702	6.062437	-167.757426	9.106880	0.010230	-0.000959	-0.001257	9.304434	2332.188702	-0.003951	-0.002747	-3387.127535	NaN
1099.000000	2.000000	0.011017	7375809.267666	-55089.071861	1055.818826	-29742.255788	0.000000	0.000000	6.012572	9.284672	NaN	0.000000	0.001676	0.001748	28.081558	3.651036	0.001632	2236.589936	2.470552	11.568419	9.568903	0.010694	-0.000469	-0.000793	9.284672	2236.589936	-0.003583	-0.002507	-3703.618051	NaN
1099.000000	2.000000	0.011515	7375809.277666	-55089.071266	1055.819000	-29742.255875	0.000000	0.000000	6.013057	8.956972	NaN	0.000000	0.001672	0.001745	28.081517	3.834186	0.001690	2268.099823	-1.260913	-166.162972	9.157759	0.011168	2.823089E-5	-0.000319	8.956972	2268.099823	-0.002934	-0.002076	-4314.506162	NaN
1099.000000	2.000000	0.012029	7375809.287666	-55089.071808	1055.819000	-29742.255284	0.000000	0.000000	6.013552	8.500160	NaN	0.000000	0.001660	0.001727	28.081661	3.870268	0.001700	2276.578523	-5.465002	13.416636	8.458428	0.011681	0.000542	0.000195	8.500160	2276.578523	-0.002258	-0.001618	-5254.712547	NaN
1099.000000	2.000000	0.012547	7375809.297666	-55089.072248	1055.819000	-29742.255808	0.000000	0.000000	6.014078	8.680080	NaN	0.000000	0.001681	0.001721	28.081600	4.365600	0.001777	2456.926403	-5.169469	-166.280715	8.706316	0.012240	0.001061	0.000754	8.680080	2456.926403	-0.001589	-0.001152	-7533.224410	NaN
1099.000000	2.000000	0.012999	7375809.307666	-55089.073404	1055.819000	-29742.255902	0.000000	0.000000	6.014559	9.392161	NaN	0.000000	0.001663	0.001714	28.081707	4.866436	0.001830	2658.591525	1.210342	10.256954	8.856613	0.012668	0.001512	0.001182	9.392161	2658.591525	-0.001137	-0.000832	-11294.623379	NaN
1099.000000	2.000000	0.013559	7375809.317666	-55089.072347	1055.819000	-29742.255310	0.000000	0.000000	6.015111	9.185908	NaN	0.000000	0.001656	0.001703	28.081644	5.204356	0.001874	2777.423981	7.341543	-170.914546	9.495016	0.013176	0.002073	0.001689	9.185908	2777.423981	-0.000408	-0.000302	-30378.754432	NaN
1099.000000	2.000000	0.013978	7375809.327666	-55089.072001	1055.819000	-29742.255678	0.000000	0.000000	6.015512	8.752586	NaN	0.000000	0.001665	0.001701	28.081583	5.502711	0.001913	2876.666668	5.799046	12.531218	8.673154	0.013755	0.002492	0.002268	8.752586	2876.666668	0.000210	0.000157	55627.448462	209526.578604
1099.000000	2.000000	0.014468	7375809.337666	-55089.072000	1055.819000	-29742.255302	0.000000	0.000000	6.016023	9.262091	NaN	0.000000	0.001667	0.001702	28.081491	5.611895	0.001930	2907.861969	6.202086	-167.610784	9.307676	0.014127	0.002982	0.002641	9.262091	2907.861969	0.000593	0.000448	20665.748161	125492.576311
1099.000000	2.000000	0.014985	7375809.347666	-55089.072000	1055.819110	-29742.255808	0.000000	0.000000	6.016543	9.325952	NaN	0.000000	0.001692	0.001689	28.081458	5.505063	0.001955	2816.366887	3.420365	11.653148	9.138740	0.014612	0.003499	0.003125	9.325952	2816.366887	0.001015	0.000774	12048.253881	92486.405779
1099.000000	2.000000	0.015483	7375809.357666	-55089.072000	1055.819697	-29742.255902	0.000000	0.000000	6.017046	9.479918	NaN	0.000000	0.001709	0.001696	28.081471	5.514977	0.001858	2968.113151	2.922018	-169.597706	9.337502	0.015160	0.003996	0.003674	9.479918	2968.113151	0.001601	0.001235	7678.588345	77177.742639
1099.000000	2.000000	0.015965	7375809.367666	-55089.072124	1055.819302	-29742.255212	0.000000	0.000000	6.017535	9.645391	NaN	0.000000	0.001689	0.001708	28.081496	5.843803	0.001923	3038.537739	0.717513	10.782073	9.677311	0.015604	0.004478	0.004118	9.645391	3038.537739	0.002097	0.001634	5904.236392	68684.667525
1099.000000	2.000000	0.016471	7375809.377666	-55089.072716	1055.819588	-29742.255098	0.000000	0.000000	6.018041	9.640316	NaN	0.000000	0.001670	0.001685	28.081713	6.068603	0.001893	3206.371298	7.041013	-170.330074	9.643964	0.016177	0.004985	0.004690	9.640316	3206.371298	0.002730	0.002154	4476.147594	63123.865428
1099.000000	2.000000	0.016968	7375809.387666	-55089.072192	1055.818605	-29742.255690	0.000000	0.000000	6.018570	10.403636	NaN	0.000000	0.001690	0.001663	28.081675	5.904620	0.001883	3135.418104	10.341220	12.570429	9.655380	0.016593	0.005482	0.005106	10.403636	3135.418104	0.002993	0.002374	4382.179815	58792.398881
1099.000000	2.000000	0.017469	7375809.397666	-55089.072000	1055.819506	-29742.255212	0.000000	0.000000	6.019083	10.690731	NaN	0.000000	0.001694	0.001704	28.081388	5.901437	0.001882	3135.396526	15.351283	-168.104381	10.622110	0.017175	0.005983	0.005689	10.690731	3135.396526	0.003426	0.002741	3899.812790	54712.160649
1099.000000	2.000000	0.017990	7375809.407666	-55089.072000	1055.818971	-29742.255001	0.000000	0.000000	6.019573	9.959580	NaN	0.000000	0.001684	0.001705	28.081393	6.052916	0.002014	3004.734992	24.399455	7.339154	10.742991	0.017595	0.006504	0.006108	9.959580	3004.734992	0.004018	0.003255	3060.196687	48120.877020
1099.000000	2.000000	0.018462	7375809.417666	-55089.072000	1055.817580	-29742.255000	0.000000	0.000000	6.020042	9.864724	NaN	0.000000	0.001686	0.001715	28.081423	5.781266	0.002053	2816.369339	23.089141	-170.342927	9.713093	0.018200	0.006976	0.006713	9.864724	2816.369339	0.004349	0.003547	2781.161769	43204.946676
1099.000000	2.000000	0.018938	7375809.427666	-55089.072000	1055.818452	-29742.255097	0.000000	0.000000	6.020540	10.427345	NaN	0.000000	0.001684	0.001711	28.081519	5.057820	0.002045	2473.066426	16.052228	14.676770	9.988399	0.018551	0.007451	0.007065	10.427345	2473.066426	0.004289	0.003494	2984.551347	38226.245776
1099.000000	2.000000	0.019497	7375809.437666	-55089.072124	1055.818283	-29742.255690	0.000000	0.000000	6.021081	10.004630	NaN	0.000000	0.001696	0.001686	28.081642	4.478330	0.002085	2148.137716	11.831548	-165.415599	10.579453	0.019160	0.008010	0.007673	10.004630	2148.137716	0.004517	0.003697	2706.284088	32279.106628
1099.000000	2.000000	0.019963	7375809.447666	-55089.072547	1055.818808	-29742.255212	0.000000	0.000000	6.021553	10.133898	NaN	0.000000	0.001700	0.001680	28.081728	4.641392	0.002131	2177.938369	10.634043	12.793675	9.940958	0.019600	0.008476	0.008114	10.133898	2177.938369	0.004987	0.004121	2458.905129	30995.696880
1099.000000	2.000000	0.020455	7375809.457666	-55089.071437	1055.819000	-29742.255098	0.000000	0.000000	6.022027	9.703399	NaN	0.000000	0.001712	0.001692	28.081447	4.663683	0.002063	2260.346042	12.871401	-171.572699	10.045564	0.020143	0.008968	0.008657	9.703399	2260.346042	0.005749	0.004827	2010.279830	29724.492113
1099.000000	2.000000	0.020933	7375809.467666	-55089.071966	1055.818890	-29742.255677	0.000000	0.000000	6.022505	9.679689	NaN	0.000000	0.001717	0.001704	28.081273	4.678451	0.002011	2326.778516	13.414771	8.145669	9.374606	0.020610	0.009447	0.009123	9.679689	2326.778516	0.006327	0.005377	1800.227981	28990.874214
1099.000000	2.000000	0.021452	7375809.477666	-55089.072719	1055.818303	-29742.255192	0.000000	0.000000	6.023057	10.504799	NaN	0.000000	0.001703	0.001725	28.081353	4.911373	0.001948	2521.638124	8.352742	-171.477321	10.152689	0.021138	0.009965	0.009652	10.504799	2521.638124	0.006841	0.005877	1787.502171	30052.830643
1099.000000	2.000000	0.021925	7375809.487666	-55089.072298	1055.818808	-29742.255098	0.000000	0.000000	6.023538	10.664061	NaN	0.000000	0.001699	0.001718	28.081059	5.346308	0.001885	2835.993121	-0.551340	12.029778	10.721362	0.021577	0.010439	0.010090	10.664061	2835.993121	0.007619	0.006653	1602.874704	31766.316130
1099.000000	2.000000	0.022453	7375809.497666	-55089.072578	1055.819110	-29742.255690	0.000000	0.000000	6.024076	10.941171	NaN	0.000000	0.001704	0.001676	28.081414	5.504573	0.001932	2849.273627	-2.448935	-166.486286	10.548095	0.022098	0.010966	0.010612	10.941171	2849.273627	0.008086	0.007131	1534.302114	30826.974815
1099.000000	2.000000	0.022978	7375809.507666	-55089.071472	1055.819807	-29742.255309	0.000000	0.000000	6.024568	10.129299	NaN	0.000000	0.001692	0.001685	28.081544	5.564814	0.002004	2776.624688	-3.195387	14.030542	10.949110	0.022616	0.011491	0.011129	10.129299	2776.624688	0.008755	0.007831	1293.507913	28667.196795
1099.000000	2.000000	0.023423	7375809.517666	-55089.071827	1055.819751	-29742.255678	0.000000	0.000000	6.024997	9.751557	NaN	0.000000	0.001679	0.001730	28.081450	5.841059	0.001901	3072.070203	-0.565845	-167.923805	9.853973	0.023165	0.011936	0.011679	9.751557	3072.070203	0.009556	0.008692	1121.939290	30105.929627
1099.000000	2.000000	0.023925	7375809.527666	-55089.072000	1055.818458	-29742.255192	0.000000	0.000000	6.025519	10.218997	NaN	0.000000	0.001683	0.001691	28.081478	6.030662	0.001876	3214.023381	7.216450	7.330981	9.728942	0.023535	0.012439	0.012049	10.218997	3214.023381	0.010054	0.009242	1105.761571	30545.612634
1099.000000	2.000000	0.024439	7375809.537666	-55089.072110	1055.818698	-29742.255000	0.000000	0.000000	6.026032	10.182964	NaN	0.000000	0.001693	0.001720	28.081408	5.830831	0.001971	2958.206812	8.915239	-169.776059	10.209269	0.024172	0.012953	0.012686	10.182964	2958.206812	0.010371	0.009597	1061.087439	27589.271205
1099.000000	2.000000	0.024932	7375809.547666	-55089.072683	1055.818302	-29742.254903	0.000000	0.000000	6.026541	10.579230	NaN	0.000000	0.001654	0.001724	28.081322	5.645123	0.001880	3003.001637	8.082667	10.766046	10.344813	0.024555	0.013446	0.013069	10.579230	3003.001637	0.010803	0.010088	1048.677814	27316.357643
1099.000000	2.000000	0.025471	7375809.557666	-55089.072271	1055.818808	-29742.254323	0.000000	0.000000	6.027082	10.617774	NaN	0.000000	0.001690	0.001691	28.081244	5.814283	0.001846	3150.227768	6.421572	-169.051342	10.753360	0.025127	0.013985	0.013640	10.617774	3150.227768	0.011457	0.010846	978.942569	27636.117269
1099.000000	2.000000	0.025919	7375809.567666	-55089.072788	1055.818779	-29742.254905	0.000000	0.000000	6.027551	11.146950	NaN	0.000000	0.001724	0.001692	28.081242	5.987002	0.001958	3057.596899	9.230038	11.325919	10.420366	0.025634	0.014432	0.014148	11.146950	3057.596899	0.011698	0.011130	1001.484606	26478.754721
1099.000000	2.000000	0.026425	7375809.577666	-55089.072875	1055.817606	-29742.255593	0.000000	0.000000	6.028092	11.998202	NaN	0.000000	0.001703	0.001730	28.081827	5.883958	0.002018	2915.749343	8.898394	-166.347808	11.456356	0.026099	0.014938	0.014613	11.998202	2915.749343	0.011852	0.011313	1060.538151	25045.428237
1099.000000	2.000000	0.026938	7375809.587666	-55089.072034	1055.818616	-29742.254645	0.000000	0.000000	6.028609	12.094513	NaN	0.000000	0.001693	0.001709	28.081860	5.572025	0.001901	2931.257244	5.118202	12.377215	12.334975	0.026598	0.015451	0.015111	12.094513	2931.257244	0.012357	0.011920	1014.618782	24529.256690
1099.000000	2.000000	0.027440	7375809.597666	-55089.071296	1055.818999	-29742.255616	0.000000	0.000000	6.029091	11.596117	NaN	0.000000	0.001690	0.001712	28.081425	5.521284	0.001983	2783.774629	11.640673	-174.279384	11.997811	0.027156	0.015954	0.015670	11.596117	2783.774629	0.012829	0.012499	927.779672	22749.581011
1099.000000	2.000000	0.027910	7375809.607666	-55089.071844	1055.818890	-29742.255999	0.000000	0.000000	6.029561	11.606136	NaN	0.000000	0.001675	0.001730	28.081311	5.175802	0.002044	2531.997487	14.848881	8.377072	11.367785	0.027575	0.016423	0.016088	11.606136	2531.997487	0.012985	0.012692	914.460166	20534.070274
1099.000000	2.000000	0.028437	7375809.617666	-55089.072000	1055.818317	-29742.256000	0.000000	0.000000	6.030089	11.639046	NaN	0.000000	0.001672	0.001701	28.081286	4.763786	0.001958	2432.914424	10.754486	-169.137630	11.709432	0.028121	0.016951	0.016635	11.639046	2432.914424	0.013363	0.013164	884.183186	19373.695872
1099.000000	2.000000	0.028939	7375809.627666	-55089.072124	1055.818937	-29742.255903	0.000000	0.000000	6.030585	11.493408	NaN	0.000000	0.001676	0.001671	28.081328	5.113254	0.002011	2543.155736	9.952890	8.490823	11.742222	0.028598	0.017453	0.017111	11.493408	2543.155736	0.014063	0.014056	817.673633	19598.000092
1099.000000	2.000000	0.029464	7375809.637666	-55089.072826	1055.819807	-29742.255212	0.000000	0.000000	6.031101	11.277013	NaN	0.000000	0.001712	0.001695	28.081457	5.573871	0.001980	2815.296159	8.499100	-170.974053	11.345100	0.029121	0.017977	0.017634	11.277013	2815.296159	0.014973	0.015249	739.516434	20829.275444
1099.000000	2.000000	0.029892	7375809.647666	-55089.073000	1055.819889	-29742.255001	0.000000	0.000000	6.031540	11.535161	NaN	0.000000	0.001717	0.001705	28.081503	5.641222	0.001985	2841.445652	4.876696	12.343441	11.111732	0.029591	0.018405	0.018104	11.535161	2841.445652	0.015360	0.015769	731.509420	20673.341844
1099.000000	2.000000	0.030393	7375809.657666	-55089.073000	1055.819193	-29742.255110	0.000000	0.000000	6.032078	12.428590	NaN	0.000000	0.001686	0.001698	28.081359	5.410935	0.001993	2714.559743	1.811619	-168.968134	11.980968	0.030057	0.018907	0.018571	12.428590	2714.559743	0.015473	0.015921	780.640956	19655.647179
1099.000000	2.000000	0.030910	7375809.667666	-55089.072903	1055.819125	-29742.255918	0.000000	0.000000	6.032616	12.952214	NaN	0.000000	0.001684	0.001709	28.081530	5.560652	0.002010	2766.972679	0.324196	11.217027	12.659519	0.030537	0.019423	0.019050	12.952214	2766.972679	0.015913	0.016522	783.956593	19667.632139
1099.000000	2.000000	0.031467	7375809.677666	-55089.072212	1055.819716	-29742.256710	0.000000	0.000000	6.033147	12.316588	NaN	0.000000	0.001667	0.001722	28.081633	5.692538	0.002093	2719.344627	1.848237	-168.569527	12.945676	0.031082	0.019980	0.019595	12.316588	2719.344627	0.016583	0.017455	705.619570	18805.182743
1099.000000	2.000000	0.031942	7375809.687666	-55089.072001	1055.819082	-29742.256212	0.000000	0.000000	6.033584	11.395056	NaN	0.000000	0.001731	0.001703	28.081586	5.519073	0.001878	2938.380311	-0.410500	14.408402	11.802712	0.031663	0.020456	0.020177	11.395056	2938.380311	0.017547	0.018833	605.044686	19562.155080
1099.000000	2.000000	0.032407	7375809.697666	-55089.072000	1055.818303	-29742.255890	0.000000	0.000000	6.034054	11.521306	NaN	0.000000	0.001748	0.001677	28.081564	5.685663	0.001984	2865.846824	8.250069	-169.463018	11.504855	0.032143	0.020920	0.020657	11.521306	2865.846824	0.017905	0.019356	595.216565	18819.706000
1099.000000	2.000000	0.032928	7375809.707666	-55089.072000	1055.818684	-29742.255193	0.000000	0.000000	6.034580	11.640483	NaN	0.000000	0.001782	0.001687	28.081538	5.895521	0.001998	2951.396284	10.158195	10.081153	11.370907	0.032522	0.021441	0.021036	11.640483	2951.396284	0.018483	0.020214	575.848701	18965.724396
1099.000000	2.000000	0.033406	7375809.717666	-55089.071876	1055.818173	-29742.255098	0.000000	0.000000	6.035078	12.136460	NaN	0.000000	0.001782	0.001702	28.081615	6.012732	0.001951	3082.232366	8.618311	-169.393160	11.697828	0.033130	0.021919	0.021643	12.136460	3082.232366	0.018966	0.020944	579.485157	19458.695748
1099.000000	2.000000	0.033931	7375809.727666	-55089.071271	1055.818125	-29742.255788	0.000000	0.000000	6.035594	11.888170	NaN	0.000000	0.001778	0.001728	28.081525	6.175190	0.001930	3199.942078	7.825891	11.410686	12.328636	0.033559	0.022445	0.022073	11.888170	3199.942078	0.019658	0.022008	540.171245	19707.137846
1099.000000	2.000000	0.034404	7375809.737666	-55089.071788	1055.818826	-29742.255999	0.000000	0.000000	6.036064	11.843513	NaN	0.000000	0.001780	0.001736	28.081361	5.826037	0.002067	2819.217839	7.360433	-168.952274	11.736930	0.034077	0.022917	0.022590	11.843513	2819.217839	0.019767	0.022177	534.049954	17296.272276
1099.000000	2.000000	0.034895	7375809.747666	-55089.072124	1055.819000	-29742.256000	0.000000	0.000000	6.036581	12.455436	NaN	0.000000	0.001786	0.001728	28.081218	5.478927	0.002022	2709.740449	4.456861	12.766925	11.814922	0.034554	0.023409	0.023068	12.455436	2709.740449	0.019961	0.022482	554.023225	16511.457762
1099.000000	2.000000	0.035403	7375809.757666	-55089.072702	1055.819000	-29742.256000	0.000000	0.000000	6.037108	12.920756	NaN	0.000000	0.001787	0.001725	28.081322	5.494165	0.002066	2658.755086	6.609496	-168.269958	12.765698	0.035113	0.023917	0.023627	12.920756	2658.755086	0.020272	0.022971	562.473566	16027.236032
1099.000000	2.000000	0.035926	7375809.767666	-55089.072174	1055.819000	-29742.256000	0.000000	0.000000	6.037621	12.684353	NaN	0.000000	0.001762	0.001715	28.081589	5.700319	0.002044	2789.480174	9.360275	10.360227	13.026958	0.035538	0.024439	0.024051	12.684353	2789.480174	0.021029	0.024185	524.471641	16387.901107
1099.000000	2.000000	0.036435	7375809.777666	-55089.072000	1055.819000	-29742.255903	0.000000	0.000000	6.038106	12.096272	NaN	0.000000	0.001707	0.001725	28.081663	5.747987	0.001961	2931.887605	12.117929	-169.990034	12.573814	0.036122	0.024949	0.024635	12.096272	2931.887605	0.021855	0.025541	473.606271	16761.137090
1099.000000	2.000000	0.036933	7375809.787666	-55089.072124	1055.819110	-29742.255212	0.000000	0.000000	6.038587	11.669616	NaN	0.000000	0.001718	0.001698	28.081782	5.992676	0.002050	2923.899527	18.574174	7.608687	11.787575	0.036554	0.025447	0.025067	11.669616	2923.899527	0.022453	0.026545	439.617738	16396.266718
1099.000000	2.000000	0.037386	7375809.797666	-55089.072686	1055.819807	-29742.255098	0.000000	0.000000	6.039042	11.747117	NaN	0.000000	0.001687	0.001706	28.081485	5.879096	0.002048	2871.193181	14.409133	-166.985728	11.709278	0.037121	0.025899	0.025634	11.747117	2871.193181	0.022831	0.027187	432.085190	15909.431514
1099.000000	2.000000	0.037877	7375809.807666	-55089.072016	1055.819779	-29742.255788	0.000000	0.000000	6.039551	12.169874	NaN	0.000000	0.001714	0.001722	28.081387	5.958583	0.002091	2849.474072	10.814323	12.053882	11.879119	0.037493	0.026391	0.026007	12.169874	2849.474072	0.023187	0.027801	437.757286	15613.906345
1099.000000	2.000000	0.038463	7375809.817666	-55089.071296	1055.818385	-29742.255999	0.000000	0.000000	6.040125	11.897304	NaN	0.000000	0.001709	0.001759	28.081478	5.999040	0.001961	3059.097535	7.874351	-168.584276	12.300317	0.038105	0.026976	0.026619	11.897304	3059.097535	0.024059	0.029326	405.687864	16320.680297
1099.000000	2.000000	0.038892	7375809.827666	-55089.071844	1055.818111	-29742.255903	0.000000	0.000000	6.040568	12.233421	NaN	0.000000	0.001694	0.001756	28.081401	5.652658	0.002007	2816.127034	6.673944	12.236455	11.658912	0.038565	0.027405	0.027078	12.233421	2816.127034	0.024147	0.029482	414.946563	14984.683690
1099.000000	2.000000	0.039383	7375809.837666	-55089.072000	1055.818807	-29742.255212	0.000000	0.000000	6.041075	12.615644	NaN	0.000000	0.001710	0.001751	28.081579	5.036922	0.001988	2533.174070	5.897839	-166.550070	12.601355	0.039062	0.027896	0.027575	12.615644	2533.174070	0.024161	0.029508	427.538810	13473.216871
1099.000000	2.000000	0.039883	7375809.847666	-55089.072124	1055.819000	-29742.255098	0.000000	0.000000	6.041585	12.848499	NaN	0.000000	0.001723	0.001748	28.081643	4.676741	0.001973	2370.790701	3.414401	17.741475	12.479683	0.039563	0.028397	0.028077	12.848499	2370.790701	0.024332	0.029812	430.988394	12545.067747
1099.000000	2.000000	0.040416	7375809.857666	-55089.072686	1055.819000	-29742.255690	0.000000	0.000000	6.042137	13.321231	NaN	0.000000	0.001707	0.001734	28.081535	4.939771	0.001873	2637.663632	5.846175	-168.288542	13.125707	0.040073	0.028929	0.028586	13.321231	2637.663632	0.025142	0.031274	425.954471	13627.055548
1099.000000	2.000000	0.040921	7375809.867666	-55089.072046	1055.819000	-29742.255212	0.000000	0.000000	6.042634	13.122984	NaN	0.000000	0.001704	0.001739	28.081579	5.588374	0.001985	2816.007657	7.006064	9.293265	13.223283	0.040563	0.029435	0.029077	13.122984	2816.007657	0.025939	0.032747	400.740423	14217.469680
1099.000000	2.000000	0.041425	7375809.877666	-55089.071332	1055.819000	-29742.255111	0.000000	0.000000	6.043122	12.741006	NaN	0.000000	0.001709	0.001756	28.082060	5.577702	0.002046	2726.292626	1.073949	-166.064645	13.170585	0.041103	0.029938	0.029617	12.741006	2726.292626	0.026433	0.033674	378.360811	13573.657415
1099.000000	2.000000	0.041899	7375809.887666	-55089.071844	1055.818876	-29742.255807	0.000000	0.000000	6.043601	12.841744	NaN	0.000000	0.001696	0.001706	28.082279	5.748983	0.002036	2823.825840	-3.087447	13.459328	12.367524	0.041561	0.030412	0.030074	12.841744	2823.825840	0.027002	0.034758	369.460818	13838.318053
1099.000000	2.000000	0.042404	7375809.897666	-55089.072000	1055.818174	-29742.255889	0.000000	0.000000	6.044124	13.288892	NaN	0.000000	0.001656	0.001707	28.082586	6.077973	0.002030	2994.317048	-5.599207	-167.344146	13.228893	0.042059	0.030917	0.030572	13.288892	2994.317048	0.027589	0.035894	370.229362	14439.828375
1099.000000	2.000000	0.042908	7375809.907666	-55089.072124	1055.818221	-29742.255193	0.000000	0.000000	6.044608	12.793377	NaN	0.000000	0.001682	0.001720	28.082615	6.447114	0.002041	3159.135286	-0.059904	9.513292	13.157762	0.042538	0.031422	0.031051	12.793377	3159.135286	0.028385	0.037462	341.502295	14912.334938
1099.000000	2.000000	0.043395	7375809.917666	-55089.072686	1055.819615	-29742.255000	0.000000	0.000000	6.045080	12.430129	NaN	0.000000	0.001687	0.001710	28.083110	6.171923	0.001921	3213.336183	1.229955	-167.603564	12.628375	0.043105	0.031908	0.031618	12.430129	3213.336183	0.029007	0.038711	321.098787	14921.445083
1099.000000	2.000000	0.043920	7375809.927666	-55089.072156	1055.819875	-29742.255000	0.000000	0.000000	6.045599	12.280643	NaN	0.000000	0.001721	0.001707	28.082723	6.038081	0.001943	3107.773463	7.229434	9.175581	12.216854	0.043549	0.032434	0.032063	12.280643	3107.773463	0.029470	0.039652	309.709509	14259.007065
1099.000000	2.000000	0.044394	7375809.937666	-55089.072140	1055.819284	-29742.255000	0.000000	0.000000	6.046098	12.895993	NaN	0.000000	0.001700	0.001701	28.082755	5.964498	0.002058	2898.184044	6.499850	-169.152176	12.476247	0.044094	0.032907	0.032607	12.895993	2898.184044	0.029570	0.039858	323.552290	13263.068719
1099.000000	2.000000	0.044910	7375809.947666	-55089.072719	1055.819808	-29742.255000	0.000000	0.000000	6.046617	12.992439	NaN	0.000000	0.001690	0.001694	28.082795	6.452580	0.002038	3166.138778	5.459083	11.392945	13.086520	0.044556	0.033423	0.033069	12.992439	3166.138778	0.030345	0.041463	313.353348	14206.103594
1099.000000	2.000000	0.045399	7375809.957666	-55089.072174	1055.819779	-29742.255000	0.000000	0.000000	6.047096	12.738437	NaN	0.000000	0.001713	0.001706	28.082830	6.843825	0.002083	3286.327758	10.877567	-170.869826	12.963366	0.045105	0.033912	0.033618	12.738437	3286.327758	0.031005	0.042853	297.258101	14504.169381
1099.000000	2.000000	0.045896	7375809.967666	-55089.072000	1055.818495	-29742.255000	0.000000	0.000000	6.047588	12.606250	NaN	0.000000	0.001679	0.001726	28.082901	6.492863	0.001998	3249.746712	8.435350	12.650089	12.514971	0.045535	0.034409	0.034049	12.606250	3249.746712	0.031500	0.043910	287.095889	14169.131834
1099.000000	2.000000	0.046395	7375809.977666	-55089.072000	1055.818684	-29742.255110	0.000000	0.000000	6.048095	12.791700	NaN	0.000000	0.001671	0.001738	28.082829	5.936465	0.002037	2914.547071	5.840303	-166.283425	12.677364	0.046067	0.034909	0.034581	12.791700	2914.547071	0.031617	0.044162	289.655589	12671.297858
1099.000000	2.000000	0.046927	7375809.987666	-55089.072000	1055.818284	-29742.255710	0.000000	0.000000	6.048624	12.742907	NaN	0.000000	0.001699	0.001746	28.082975	5.544235	0.001963	2825.012051	5.730752	12.251100	12.822396	0.046577	0.035440	0.035091	12.742907	2825.012051	0.032057	0.045116	282.449114	12151.485007
1099.000000	2.000000	0.047371	7375809.997666	-55089.072000	1055.818808	-29742.255212	0.000000	0.000000	6.049076	12.923540	NaN	0.000000	0.001697	0.001751	28.082835	5.713634	0.002104	2715.887337	14.905816	-169.297024	12.625011	0.047100	0.035885	0.035613	12.923540	2715.887337	0.032316	0.045681	282.910003	11609.629689
1099.000000	2.000000	0.047900	7375810.007666	-55089.072000	1055.819110	-29742.255001	0.000000	0.000000	6.049616	13.190787	NaN	0.000000	0.001680	0.001751	28.082694	5.623548	0.002071	2715.141300	16.349317	11.294263	12.928398	0.047534	0.036413	0.036048	13.190787	2715.141300	0.032769	0.046679	282.582055	11481.604389
1099.000000	2.000000	0.048391	7375810.017666	-55089.072000	1055.819683	-29742.255000	0.000000	0.000000	6.050099	12.991688	NaN	0.000000	0.001662	0.001712	28.082797	5.645996	0.002095	2695.453171	15.511269	-167.821203	13.356914	0.048122	0.036905	0.036636	12.991688	2695.453171	0.033290	0.047839	271.571894	11259.383464
1099.000000	2.000000	0.048889	7375810.027666	-55089.072140	1055.819284	-29742.255110	0.000000	0.000000	6.050599	13.041547	NaN	0.000000	0.001681	0.001705	28.082748	5.523934	0.002026	2726.646405	15.260350	9.412748	12.901660	0.048490	0.037402	0.037003	13.041547	2726.646405	0.033815	0.049023	266.030997	11251.323159
1099.000000	2.000000	0.049388	7375810.037666	-55089.072844	1055.819683	-29742.255710	0.000000	0.000000	6.051116	13.504916	NaN	0.000000	0.001676	0.001713	28.082828	5.399330	0.001932	2795.228379	8.646585	-170.640161	13.155884	0.049110	0.037901	0.037624	13.504916	2795.228379	0.034277	0.050077	269.683929	11412.271566
1099.000000	2.000000	0.049897	7375810.047666	-55089.072860	1055.819298	-29742.255212	0.000000	0.000000	6.051632	13.665171	NaN	0.000000	0.001678	0.001701	28.083231	5.337185	0.002071	2577.119058	9.071609	9.668184	13.723653	0.049510	0.038410	0.038024	13.665171	2577.119058	0.034433	0.050435	270.945837	10484.347095
1099.000000	2.000000	0.050402	7375810.057666	-55089.072156	1055.819826	-29742.254904	0.000000	0.000000	6.052136	13.629147	NaN	0.000000	0.001709	0.001697	28.083323	5.158694	0.002174	2373.417512	6.499530	-167.806555	13.642710	0.050097	0.038916	0.038611	13.629147	2373.417512	0.034609	0.050839	268.085050	9617.214506
1099.000000	2.000000	0.050906	7375810.067666	-55089.072000	1055.820000	-29742.254407	0.000000	0.000000	6.052644	13.741206	NaN	0.000000	0.001708	0.001707	28.083017	4.771900	0.001919	2487.305079	-4.492351	15.678263	13.641018	0.050544	0.039419	0.039057	13.741206	2487.305079	0.035276	0.052390	262.288145	9928.397683
1099.000000	2.000000	0.051407	7375810.077666	-55089.072000	1055.819780	-29742.255576	0.000000	0.000000	6.053109	12.849475	NaN	0.000000	0.001704	0.001710	28.082907	5.095677	0.002014	2529.917262	0.057657	-168.660673	13.580375	0.051096	0.039920	0.039610	12.849475	2529.917262	0.036111	0.054364	236.358130	9913.388055
1099.000000	2.000000	0.051880	7375810.087666	-55089.072000	1055.818495	-29742.255999	0.000000	0.000000	6.053585	12.912335	NaN	0.000000	0.001719	0.001713	28.082736	5.415639	0.001978	2737.870705	1.773251	11.018677	12.540984	0.051524	0.040393	0.040038	12.912335	2737.870705	0.036856	0.056157	229.934364	10555.667056
1099.000000	2.000000	0.052384	7375810.097666	-55089.072097	1055.818808	-29742.256000	0.000000	0.000000	6.054086	12.848941	NaN	0.000000	0.001690	0.001740	28.082541	5.875165	0.001947	3017.732419	3.258099	-172.650744	13.074899	0.052137	0.040898	0.040651	12.848941	3017.732419	0.037705	0.058231	220.655807	11425.571840
1099.000000	2.000000	0.052901	7375810.107666	-55089.072663	1055.819110	-29742.255903	0.000000	0.000000	6.054606	12.921742	NaN	0.000000	0.001719	0.001758	28.082574	6.332200	0.001943	3259.398060	4.765164	10.098888	12.808986	0.052511	0.041415	0.041024	12.921742	3259.398060	0.038442	0.060063	215.137399	12150.888550
1099.000000	2.000000	0.053363	7375810.117666	-55089.072173	1055.819559	-29742.255212	0.000000	0.000000	6.055082	13.246217	NaN	0.000000	0.001707	0.001750	28.082791	6.264530	0.001863	3362.298020	6.310200	-170.299032	13.028980	0.053084	0.041877	0.041598	13.246217	3362.298020	0.038922	0.061272	216.187089	12410.187861
1099.000000	2.000000	0.053892	7375810.127666	-55089.072000	1055.818457	-29742.255001	0.000000	0.000000	6.055643	14.025042	NaN	0.000000	0.001706	0.001769	28.082714	6.452431	0.001967	3280.135243	6.661899	9.063194	13.450393	0.053487	0.042406	0.042000	14.025042	3280.135243	0.039199	0.061974	226.304493	12038.141836
1099.000000	2.000000	0.054390	7375810.137666	-55089.072140	1055.818808	-29742.255097	0.000000	0.000000	6.056140	14.016833	NaN	0.000000	0.001697	0.001775	28.082653	6.101963	0.001946	3135.949874	3.188849	-166.881399	14.213729	0.054103	0.042903	0.042617	14.016833	3135.949874	0.039551	0.062873	222.939865	11426.447767
1099.000000	2.000000	0.054833	7375810.147666	-55089.072844	1055.819000	-29742.255690	0.000000	0.000000	6.056608	14.614756	NaN	0.000000	0.001689	0.001770	28.082855	5.802450	0.001970	2945.130035	8.384194	11.060665	13.971846	0.054515	0.043347	0.043028	14.614756	2945.130035	0.039625	0.063063	231.749799	10714.985332
1099.000000	2.000000	0.055430	7375810.157666	-55089.072903	1055.819124	-29742.255212	0.000000	0.000000	6.057200	14.510591	NaN	0.000000	0.001679	0.001770	28.082941	5.895037	0.001953	3018.915650	8.436562	-167.720717	15.064290	0.055019	0.043943	0.043532	14.510591	3018.915650	0.040338	0.064905	223.565326	10826.394712
1099.000000	2.000000	0.055892	7375810.167666	-55089.072073	1055.819577	-29742.255001	0.000000	0.000000	6.057623	13.547001	NaN	0.000000	0.001694	0.001741	28.082725	5.968119	0.001927	3097.440035	13.274725	9.178610	14.039084	0.055618	0.044405	0.044132	13.547001	3097.440035	0.041125	0.066969	202.288386	10935.534119
1099.000000	2.000000	0.056389	7375810.177666	-55089.071267	1055.818472	-29742.255000	0.000000	0.000000	6.058106	13.219259	NaN	0.000000	0.001670	0.001745	28.082692	6.096029	0.001930	3158.584555	11.500226	-169.792063	13.468375	0.056028	0.044902	0.044541	13.219259	3158.584555	0.041763	0.068665	192.518550	11012.817593
1099.000000	2.000000	0.056907	7375810.187666	-55089.071808	1055.818827	-29742.255000	0.000000	0.000000	6.058623	13.203239	NaN	0.000000	0.001679	0.001738	28.082768	6.199743	0.001931	3211.157983	14.799704	8.100674	12.975198	0.056539	0.045420	0.045053	13.203239	3211.157983	0.042336	0.070206	188.064415	11072.557527
1099.000000	2.000000	0.057395	7375810.197666	-55089.072000	1055.819110	-29742.255097	0.000000	0.000000	6.059122	13.468822	NaN	0.000000	0.001662	0.001734	28.082612	6.338549	0.001941	3265.345431	13.243062	-172.092380	13.373769	0.057098	0.045908	0.045612	13.468822	3265.345431	0.042815	0.071504	188.364059	11156.720290
1099.000000	2.000000	0.057859	7375810.207666	-55089.072124	1055.819697	-29742.255690	0.000000	0.000000	6.059601	13.804529	NaN	0.000000	0.001656	0.001736	28.082621	5.918461	0.002000	2959.183432	9.315166	12.732300	13.540614	0.057533	0.046373	0.046047	13.804529	2959.183432	0.042874	0.071667	192.621065	10099.181583
1099.000000	2.000000	0.058365	7375810.217666	-55089.072826	1055.819192	-29742.255212	0.000000	0.000000	6.060115	14.008170	NaN	0.000000	0.001643	0.001751	28.082684	5.503353	0.002061	2669.591756	9.977244	-166.729190	13.913608	0.058057	0.046878	0.046571	14.008170	2669.591756	0.042943	0.071855	194.950258	9098.907655
1099.000000	2.000000	0.058913	7375810.227666	-55089.072860	1055.819001	-29742.255111	0.000000	0.000000	6.060654	13.813772	NaN	0.000000	0.001636	0.001759	28.082709	5.338419	0.001989	2683.862924	5.976989	15.326426	13.919498	0.058539	0.047426	0.047052	13.813772	2683.862924	0.043566	0.073568	187.768556	9040.424443
1099.000000	2.000000	0.059404	7375810.237666	-55089.072156	1055.819124	-29742.255807	0.000000	0.000000	6.061132	13.481251	NaN	0.000000	0.001650	0.001758	28.082672	5.580927	0.002105	2651.847749	10.242296	-167.991973	13.813231	0.059146	0.047918	0.047660	13.481251	2651.847749	0.044105	0.075067	179.589313	8842.945220
1099.000000	2.000000	0.059902	7375810.247666	-55089.072000	1055.819826	-29742.255889	0.000000	0.000000	6.061611	13.033810	NaN	0.000000	0.001656	0.001759	28.082889	5.490997	0.002135	2572.149590	10.201492	14.359624	13.177465	0.059549	0.048415	0.048062	13.033810	2572.149590	0.044615	0.076497	170.383698	8496.650608
1099.000000	2.000000	0.060389	7375810.257666	-55089.072140	1055.820000	-29742.255193	0.000000	0.000000	6.062093	12.887687	NaN	0.000000	0.001652	0.001763	28.083369	5.771055	0.002162	2669.385504	13.404314	-170.295217	13.029416	0.060102	0.048902	0.048615	12.887687	2669.385504	0.045281	0.078388	164.408270	8710.815985
1099.000000	2.000000	0.060866	7375810.267666	-55089.072719	1055.820000	-29742.255000	0.000000	0.000000	6.062568	12.836480	NaN	0.000000	0.001647	0.001746	28.082725	5.773875	0.002108	2739.244488	11.248655	9.594969	12.837457	0.060551	0.049380	0.049064	12.836480	2739.244488	0.045865	0.080063	160.330661	8844.826384
1099.000000	2.000000	0.061360	7375810.277666	-55089.072034	1055.820000	-29742.255097	0.000000	0.000000	6.063080	13.297086	NaN	0.000000	0.001653	0.001763	28.082552	5.851618	0.002073	2823.098294	7.385746	-169.402322	12.993173	0.061038	0.049873	0.049551	13.297086	2823.098294	0.046341	0.081439	163.275828	9038.199361
1099.000000	2.000000	0.061891	7375810.287666	-55089.071351	1055.820000	-29742.255677	0.000000	0.000000	6.063617	13.431207	NaN	0.000000	0.001674	0.001750	28.082502	6.127516	0.002066	2966.547161	2.834763	11.338658	13.314492	0.061541	0.050404	0.050055	13.431207	2966.547161	0.047009	0.083392	161.061311	9385.611056
1099.000000	2.000000	0.062328	7375810.297666	-55089.072436	1055.819751	-29742.255192	0.000000	0.000000	6.064063	13.632587	NaN	0.000000	0.001688	0.001742	28.082570	6.161977	0.001925	3200.560132	1.674615	-170.244472	13.675382	0.062071	0.050842	0.050585	13.632587	3200.560132	0.047647	0.085280	159.857335	10013.279577
1099.000000	2.000000	0.062887	7375810.307666	-55089.072155	1055.818348	-29742.255098	0.000000	0.000000	6.064621	13.630292	NaN	0.000000	0.001690	0.001748	28.082624	5.695946	0.001826	3119.132907	0.267890	10.602908	13.709583	0.062448	0.051400	0.050961	13.630292	3119.132907	0.048123	0.086699	157.214304	9678.332424
1099.000000	2.000000	0.063375	7375810.317666	-55089.072124	1055.818111	-29742.255690	0.000000	0.000000	6.065109	13.623207	NaN	0.000000	0.001664	0.001729	28.082665	5.805386	0.001878	3091.879143	1.056801	-166.524534	13.482494	0.063105	0.051889	0.051619	13.623207	3091.879143	0.048584	0.088088	154.655311	9517.841272
1099.000000	2.000000	0.063854	7375810.327666	-55089.072577	1055.818807	-29742.255115	0.000000	0.000000	6.065584	13.549423	NaN	0.000000	0.001677	0.001734	28.082674	5.870803	0.001858	3160.458658	4.206026	13.774602	13.545882	0.063535	0.052367	0.052049	13.549423	3160.458658	0.049152	0.089809	150.869155	9635.253743
1099.000000	2.000000	0.064392	7375810.337666	-55089.071472	1055.819000	-29742.254310	0.000000	0.000000	6.066121	13.517217	NaN	0.000000	0.001660	0.001713	28.082572	5.836932	0.001899	3073.761528	7.507557	-168.494139	13.692983	0.064030	0.052905	0.052543	13.517217	3073.761528	0.049607	0.091203	148.210194	9299.053938
1099.000000	2.000000	0.064892	7375810.347666	-55089.071827	1055.819124	-29742.254678	0.000000	0.000000	6.066623	13.553554	NaN	0.000000	0.001660	0.001723	28.082881	6.065390	0.001972	3075.149770	7.322831	10.260446	13.429796	0.064551	0.053406	0.053064	13.553554	3075.149770	0.050100	0.092724	146.171630	9226.658139
1099.000000	2.000000	0.065406	7375810.357666	-55089.072139	1055.819606	-29742.254192	0.000000	0.000000	6.067117	13.064538	NaN	0.000000	0.001651	0.001746	28.083041	6.312124	0.001844	3423.025848	1.158855	-168.243267	13.617835	0.065066	0.053919	0.053579	13.064538	3423.025848	0.051057	0.095707	136.505280	10109.067171
1099.000000	2.000000	0.065899	7375810.367666	-55089.072844	1055.818715	-29742.254098	0.000000	0.000000	6.067609	13.053533	NaN	0.000000	0.001672	0.001775	28.082602	6.534281	0.001971	3315.706495	1.217899	10.358409	12.784618	0.065612	0.054412	0.054126	13.053533	3315.706495	0.051459	0.096977	134.603932	9727.788648
1099.000000	2.000000	0.066364	7375810.377666	-55089.072860	1055.820203	-29742.254898	0.000000	0.000000	6.068074	13.039864	NaN	0.000000	0.001664	0.001770	28.082521	6.579349	0.002078	3166.591852	5.026090	-169.057230	13.333081	0.066064	0.054877	0.054578	13.039864	3166.591852	0.051789	0.098022	133.029778	9240.664296
1099.000000	2.000000	0.066855	7375810.387666	-55089.072156	1055.819274	-29742.255710	0.000000	0.000000	6.068558	12.887963	NaN	0.000000	0.001697	0.001742	28.082777	6.388092	0.002054	3110.324401	7.872727	11.708240	12.733577	0.066509	0.055368	0.055022	12.887963	3110.324401	0.052260	0.099528	129.491268	9007.556447
1099.000000	2.000000	0.067379	7375810.397666	-55089.072125	1055.818304	-29742.255212	0.000000	0.000000	6.069099	13.287330	NaN	0.000000	0.001693	0.001742	28.082627	6.404558	0.002116	3026.374756	15.053593	-172.373477	13.125064	0.067034	0.055892	0.055548	13.287330	3026.374756	0.052600	0.100617	132.058271	8716.855790
1099.000000	2.000000	0.067861	7375810.407666	-55089.072826	1055.818918	-29742.255001	0.000000	0.000000	6.069579	13.232574	NaN	0.000000	0.001690	0.001752	28.082559	6.318352	0.002096	3013.886796	12.641283	8.550162	13.219455	0.067536	0.056375	0.056049	13.232574	3013.886796	0.053082	0.102176	129.507962	8614.423394
1099.000000	2.000000	0.068381	7375810.417666	-55089.073124	1055.819587	-29742.255000	0.000000	0.000000	6.070099	13.259395	NaN	0.000000	0.001693	0.001753	28.082537	6.537096	0.002124	3077.331822	10.198712	-168.085144	13.310512	0.068049	0.056894	0.056563	13.259395	3077.331822	0.053662	0.104069	127.410007	8715.402375
1099.000000	2.000000	0.068872	7375810.427666	-55089.073702	1055.818605	-29742.255000	0.000000	0.000000	6.070620	13.959411	NaN	0.000000	0.001697	0.001737	28.082514	6.365573	0.002110	3016.876602	11.965624	10.254537	13.285754	0.068467	0.057386	0.056980	13.959411	3016.876602	0.053915	0.104898	133.075761	8510.335667
1099.000000	2.000000	0.069355	7375810.437666	-55089.073174	1055.819506	-29742.255000	0.000000	0.000000	6.071112	14.178607	NaN	0.000000	0.001675	0.001743	28.082594	6.000684	0.001969	3047.285540	8.183709	-168.870043	14.146538	0.069079	0.057869	0.057593	14.178607	3047.285540	0.054379	0.106428	133.223051	8534.130144
1099.000000	2.000000	0.069873	7375810.447666	-55089.073000	1055.819302	-29742.254903	0.000000	0.000000	6.071628	14.146113	NaN	0.000000	0.001684	0.001757	28.082740	5.749610	0.001861	3090.243065	6.765777	11.644325	14.199467	0.069494	0.058386	0.058007	14.146113	3090.243065	0.054953	0.108334	130.578182	8577.931896
1099.000000	2.000000	0.070377	7375810.457666	-55089.072876	1055.819588	-29742.254310	0.000000	0.000000	6.072115	13.722295	NaN	0.000000	0.001702	0.001744	28.082995	5.754890	0.001987	2896.818337	8.550574	-168.548488	13.994095	0.070077	0.058890	0.058591	13.722295	2896.818337	0.055337	0.109622	125.178320	7993.659476
1099.000000	2.000000	0.070840	7375810.467666	-55089.072174	1055.818495	-29742.254885	0.000000	0.000000	6.072588	13.975769	NaN	0.000000	0.001695	0.001743	28.082849	5.685411	0.002019	2815.904246	10.055363	9.632129	13.496259	0.070507	0.059353	0.059021	13.975769	2815.904246	0.055631	0.110610	126.351888	7735.601671
1099.000000	2.000000	0.071386	7375810.477666	-55089.072000	1055.818919	-29742.255690	0.000000	0.000000	6.073145	14.239371	NaN	0.000000	0.001707	0.001725	28.082551	5.632646	0.001958	2877.048499	5.491187	-167.896502	14.357896	0.071044	0.059899	0.059557	14.239371	2877.048499	0.056187	0.112492	126.580730	7837.161366
1099.000000	2.000000	0.071876	7375810.487666	-55089.072000	1055.819697	-29742.255212	0.000000	0.000000	6.073624	13.951355	NaN	0.000000	0.001707	0.001711	28.082507	5.913701	0.002043	2894.415568	5.153640	13.144879	14.099359	0.071521	0.060390	0.060035	13.951355	2894.415568	0.056775	0.114498	121.848336	7815.120714
1099.000000	2.000000	0.072374	7375810.497666	-55089.072124	1055.819192	-29742.254904	0.000000	0.000000	6.074124	14.016033	NaN	0.000000	0.001710	0.001718	28.082517	6.493664	0.002031	3197.937802	7.417826	-171.004874	14.065292	0.072050	0.060888	0.060564	14.016033	3197.937802	0.057601	0.117345	119.443091	8529.256716
1099.000000	2.000000	0.072867	7375810.507666	-55089.072826	1055.819111	-29742.254407	0.000000	0.000000	6.074601	13.623562	NaN	0.000000	0.001684	0.001755	28.082525	6.900614	0.002015	3425.337674	7.025832	9.218411	13.751157	0.072520	0.061380	0.061034	13.623562	3425.337674	0.058397	0.120124	113.412266	9029.449376
1099.000000	2.000000	0.073345	7375810.517666	-55089.072889	1055.819710	-29742.255451	0.000000	0.000000	6.075091	13.931095	NaN	0.000000	0.001673	0.001738	28.082518	6.824873	0.001894	3604.151313	4.287782	-167.777799	13.691740	0.073076	0.061858	0.061590	13.931095	3604.151313	0.058959	0.122103	114.093412	9423.535558
1099.000000	2.000000	0.073873	7375810.527666	-55089.072193	1055.819212	-29742.255172	0.000000	0.000000	6.075628	14.131372	NaN	0.000000	0.001667	0.001738	28.082337	6.443881	0.001989	3240.290057	7.291094	9.014881	14.014100	0.073487	0.062386	0.062000	14.131372	3240.290057	0.059115	0.122655	115.211966	8453.055546
1099.000000	2.000000	0.074394	7375810.537666	-55089.072000	1055.819001	-29742.254903	0.000000	0.000000	6.076139	13.900407	NaN	0.000000	0.001697	0.001743	28.082550	5.952354	0.001988	2994.530914	6.079387	-169.616220	14.231814	0.074074	0.062907	0.062588	13.900407	2994.530914	0.059426	0.123758	112.319325	7777.060862
1099.000000	2.000000	0.074850	7375810.547666	-55089.072000	1055.819124	-29742.254323	0.000000	0.000000	6.076587	13.703925	NaN	0.000000	0.001700	0.001750	28.082778	6.146109	0.001977	3109.441214	9.997324	9.854828	13.677294	0.074513	0.063363	0.063027	13.703925	3109.441214	0.060058	0.126015	108.748391	8002.846612
1099.000000	2.000000	0.075341	7375810.557666	-55089.072000	1055.819826	-29742.254698	0.000000	0.000000	6.077072	13.542843	NaN	0.000000	0.001687	0.001774	28.082439	6.213208	0.002071	3000.186332	11.132915	-168.421987	13.821520	0.075058	0.063855	0.063572	13.542843	3000.186332	0.060469	0.127496	106.221920	7676.682534
1099.000000	2.000000	0.075862	7375810.567666	-55089.072110	1055.819779	-29742.254386	0.000000	0.000000	6.077590	13.478784	NaN	0.000000	0.001706	0.001735	28.081502	6.480772	0.001991	3255.839947	14.073306	6.639566	13.357750	0.075467	0.064376	0.063980	13.478784	3255.839947	0.061271	0.130404	103.361584	8237.405983
1099.000000	2.000000	0.076378	7375810.577666	-55089.072668	1055.818495	-29742.255576	0.000000	0.000000	6.078133	14.130322	NaN	0.000000	0.001703	0.001729	28.081363	6.485086	0.001993	3254.280378	12.317583	-172.807574	13.667078	0.076042	0.064892	0.064555	14.130322	3254.280378	0.061635	0.131737	107.261251	8191.691126
1099.000000	2.000000	0.076884	7375810.587666	-55089.072156	1055.818808	-29742.255804	0.000000	0.000000	6.078635	14.038775	NaN	0.000000	0.001700	0.001728	28.081531	6.274340	0.001976	3175.012667	7.208513	12.190034	14.251221	0.076547	0.065398	0.065061	14.038775	3175.012667	0.062081	0.133378	105.255710	7942.859849
1099.000000	2.000000	0.077372	7375810.597666	-55089.072000	1055.819124	-29742.254535	0.000000	0.000000	6.079108	13.658628	NaN	0.000000	0.001702	0.001723	28.081748	6.374108	0.002003	3182.437738	8.661241	-169.636202	13.983032	0.077073	0.065886	0.065586	13.658628	3182.437738	0.062667	0.135545	100.768266	7897.533450
1099.000000	2.000000	0.077869	7375810.607666	-55089.072000	1055.819826	-29742.254809	0.000000	0.000000	6.079587	13.229516	NaN	0.000000	0.001701	0.001709	28.081364	6.003097	0.001976	3037.480207	10.591879	7.721586	13.399149	0.077523	0.066382	0.066037	13.229516	3037.480207	0.063116	0.137218	96.412652	7491.722795
1099.000000	2.000000	0.078369	7375810.617666	-55089.072140	1055.819669	-29742.255097	0.000000	0.000000	6.080075	12.951973	NaN	0.000000	0.001687	0.001703	28.081403	5.761598	0.001933	2980.946297	8.586247	-171.134738	13.163465	0.078082	0.066882	0.066595	12.951973	2980.946297	0.063623	0.139121	93.098956	7301.831259
1099.000000	2.000000	0.078849	7375810.627666	-55089.072719	1055.817908	-29742.255690	0.000000	0.000000	6.080584	13.657295	NaN	0.000000	0.001694	0.001730	28.081263	5.426448	0.001928	2814.776980	7.956236	11.845770	12.962084	0.078520	0.067362	0.067033	13.657295	2814.776980	0.063723	0.139496	97.904678	6885.517366
1099.000000	2.000000	0.079334	7375810.637666	-55089.072174	1055.819313	-29742.255309	0.000000	0.000000	6.081079	13.895573	NaN	0.000000	0.001652	0.001743	28.081474	5.541500	0.002044	2710.896767	8.190387	-166.560920	14.033611	0.079010	0.067848	0.067523	13.895573	2710.896767	0.064004	0.140555	98.862480	6606.382454
1099.000000	2.000000	0.079886	7375810.647666	-55089.072000	1055.818971	-29742.255691	0.000000	0.000000	6.081626	13.773188	NaN	0.000000	0.001689	0.001720	28.081450	5.374829	0.001951	2755.597116	9.857877	12.275297	13.710732	0.079513	0.068400	0.068026	13.773188	2755.597116	0.064651	0.143013	96.307046	6657.339848
1099.000000	2.000000	0.080350	7375810.657666	-55089.072000	1055.817606	-29742.255212	0.000000	0.000000	6.082116	14.422655	NaN	0.000000	0.001658	0.001722	28.081556	5.736731	0.001964	2920.771758	9.322020	-171.658460	13.930052	0.080036	0.068863	0.068550	14.422655	2920.771758	0.065160	0.144958	99.495647	7008.906432
1099.000000	2.000000	0.080872	7375810.667666	-55089.072110	1055.818506	-29742.255001	0.000000	0.000000	6.082623	14.046874	NaN	0.000000	0.001648	0.001711	28.081604	6.109870	0.002078	2939.617064	6.542686	9.317429	14.552246	0.080487	0.069385	0.069000	14.046874	2939.617064	0.065801	0.147429	95.279074	6994.760992
1099.000000	2.000000	0.081355	7375810.677666	-55089.072697	1055.818192	-29742.255097	0.000000	0.000000	6.083109	14.123140	NaN	0.000000	0.001653	0.001717	28.081404	6.120556	0.002034	3009.650419	4.962648	-170.065703	13.828414	0.081056	0.069868	0.069569	14.123140	3009.650419	0.066349	0.149553	94.435789	7110.365700
1099.000000	2.000000	0.081858	7375810.687666	-55089.072192	1055.818111	-29742.255690	0.000000	0.000000	6.083632	14.582040	NaN	0.000000	0.001670	0.001723	28.081336	6.182112	0.002135	2895.830440	4.528182	9.147692	14.330248	0.081486	0.070372	0.070000	14.582040	2895.830440	0.066595	0.150514	96.881534	6819.581127
1099.000000	2.000000	0.082362	7375810.697666	-55089.072000	1055.818807	-29742.255309	0.000000	0.000000	6.084123	14.285721	NaN	0.000000	0.001691	0.001732	28.081390	6.280116	0.002095	2997.548236	4.308150	-167.302514	14.590152	0.082019	0.070875	0.070532	14.285721	2997.548236	0.067301	0.153283	93.198605	6995.085295
1099.000000	2.000000	0.082891	7375810.707666	-55089.072000	1055.819000	-29742.255678	0.000000	0.000000	6.084634	13.825962	NaN	0.000000	0.001708	0.001738	28.081419	6.262093	0.002074	3019.264047	8.387943	12.129068	14.092452	0.082548	0.071405	0.071061	13.825962	3019.264047	0.067970	0.155930	88.667646	6985.688370
1099.000000	2.000000	0.083356	7375810.717666	-55089.072110	1055.819000	-29742.255192	0.000000	0.000000	6.085087	13.565952	NaN	0.000000	0.001697	0.001722	28.081407	6.225050	0.002039	3053.589857	11.676898	-171.787433	13.829692	0.083073	0.071869	0.071586	13.565952	3053.589857	0.068537	0.158187	85.758708	7014.518774
1099.000000	2.000000	0.083834	7375810.727666	-55089.072668	1055.818890	-29742.255000	0.000000	0.000000	6.085594	14.249753	NaN	0.000000	0.001702	0.001716	28.081556	6.394072	0.002083	3069.170879	9.783928	7.433218	13.417302	0.083483	0.072348	0.071996	14.249753	3069.170879	0.068865	0.159503	89.338453	7021.175488
1099.000000	2.000000	0.084360	7375810.737666	-55089.072156	1055.818317	-29742.255110	0.000000	0.000000	6.086132	14.537757	NaN	0.000000	0.001708	0.001696	28.081484	6.447776	0.002026	3181.886456	9.232598	-173.471423	14.783970	0.084040	0.072874	0.072553	14.537757	3181.886456	0.069447	0.161845	89.825115	7226.168321
1099.000000	2.000000	0.084870	7375810.747666	-55089.072000	1055.818827	-29742.255710	0.000000	0.000000	6.086605	13.649467	NaN	0.000000	0.001657	0.001723	28.081478	6.381698	0.002059	3100.038903	5.216299	11.052259	14.154397	0.084538	0.073383	0.073051	13.649467	3100.038903	0.070081	0.164417	83.017165	6985.000744
1099.000000	2.000000	0.085331	7375810.757666	-55089.072000	1055.818875	-29742.255102	0.000000	0.000000	6.087071	13.780760	NaN	0.000000	0.001658	0.001732	28.081368	6.349739	0.002020	3144.136965	7.228081	-168.494425	13.484794	0.085048	0.073844	0.073562	13.780760	3144.136965	0.070557	0.166361	82.836362	7042.852320
1099.000000	2.000000	0.085863	7375810.767666	-55089.072000	1055.818284	-29742.254290	0.000000	0.000000	6.087631	14.448648	NaN	0.000000	0.001664	0.001751	28.081585	5.991059	0.001965	3048.873901	8.852038	10.226035	14.006735	0.085485	0.074377	0.073998	14.448648	3048.873901	0.070823	0.167450	86.286172	6807.218001
1099.000000	2.000000	0.086340	7375810.777666	-55089.072000	1055.818918	-29742.254678	0.000000	0.000000	6.088109	14.481852	NaN	0.000000	0.001670	0.001749	28.081565	5.812368	0.002051	2833.613807	10.717618	-168.001956	14.656382	0.086072	0.074854	0.074585	14.481852	2833.613807	0.071021	0.168265	86.065818	6311.275980
1099.000000	2.000000	0.086860	7375810.787666	-55089.072097	1055.819807	-29742.254302	0.000000	0.000000	6.088618	14.218895	NaN	0.000000	0.001693	0.001737	28.081555	5.793938	0.002018	2871.279232	12.135079	7.329093	14.371378	0.086443	0.075374	0.074957	14.218895	2871.279232	0.071659	0.170904	83.198232	6345.601067
1099.000000	2.000000	0.087369	7375810.797666	-55089.072663	1055.819889	-29742.254808	0.000000	0.000000	6.089113	13.860981	NaN	0.000000	0.001672	0.001741	28.081714	6.013187	0.002032	2959.717730	11.204415	-170.794976	14.089997	0.087090	0.075882	0.075603	13.860981	2959.717730	0.072370	0.173862	79.723893	6485.160990
1099.000000	2.000000	0.087867	7375810.807666	-55089.072173	1055.819193	-29742.254902	0.000000	0.000000	6.089616	13.984775	NaN	0.000000	0.001652	0.001725	28.081344	6.296623	0.002097	3002.362935	11.718703	9.755972	13.832386	0.087499	0.076381	0.076013	13.984775	3002.362935	0.072887	0.176031	79.444990	6537.954811
1099.000000	2.000000	0.088339	7375810.817666	-55089.072000	1055.819000	-29742.254310	0.000000	0.000000	6.090084	13.885817	NaN	0.000000	0.001650	0.001728	28.081266	6.664947	0.002121	3142.482134	14.516756	-171.295361	14.010184	0.088035	0.076852	0.076548	13.885817	3142.482134	0.073538	0.178779	77.670395	6790.285836
1099.000000	2.000000	0.088860	7375810.827666	-55089.072124	1055.819000	-29742.254788	0.000000	0.000000	6.090590	13.519887	NaN	0.000000	0.001667	0.001730	28.081374	6.613562	0.001887	3505.656373	11.563501	8.516859	13.744962	0.088507	0.077374	0.077020	13.519887	3505.656373	0.074481	0.182794	73.962503	7491.379797
1099.000000	2.000000	0.089364	7375810.837666	-55089.072826	1055.819000	-29742.254999	0.000000	0.000000	6.091095	13.577706	NaN	0.000000	0.001665	0.001761	28.081391	6.202311	0.001880	3299.500795	10.216767	-171.414588	13.381254	0.089056	0.077877	0.077570	13.577706	3299.500795	0.074791	0.184120	73.743752	7025.396852
1099.000000	2.000000	0.089815	7375810.847666	-55089.072720	1055.819124	-29742.254890	0.000000	0.000000	6.091577	14.304058	NaN	0.000000	0.001659	0.001765	28.081410	6.046709	0.001907	3170.855154	2.695123	13.551215	13.660024	0.089489	0.078328	0.078003	14.304058	3170.855154	0.074945	0.184783	77.410072	6739.360981
1099.000000	2.000000	0.090328	7375810.857666	-55089.071410	1055.819702	-29742.254303	0.000000	0.000000	6.092093	14.389022	NaN	0.000000	0.001644	0.001792	28.081559	6.371491	0.001907	3340.704061	3.546834	-168.028029	14.565664	0.089994	0.078841	0.078508	14.389022	3340.704061	0.075611	0.187658	76.676778	7045.754325
1099.000000	2.000000	0.090883	7375810.867666	-55089.071788	1055.819174	-29742.254698	0.000000	0.000000	6.092635	14.077638	NaN	0.000000	0.001652	0.001786	28.081737	6.496529	0.002020	3216.886645	8.555822	11.438055	14.311193	0.090482	0.079396	0.078996	14.077638	3216.886645	0.076114	0.189845	74.153179	6745.419260
1099.000000	2.000000	0.091352	7375810.877666	-55089.071999	1055.819000	-29742.254289	0.000000	0.000000	6.093093	13.793910	NaN	0.000000	0.001661	0.001814	28.081665	6.467751	0.001955	3308.978721	7.388472	-167.442100	13.942260	0.091064	0.079866	0.079578	13.793910	3308.978721	0.076739	0.192578	71.627541	6889.116047
1099.000000	2.000000	0.091827	7375810.887666	-55089.072000	1055.819000	-29742.254885	0.000000	0.000000	6.093571	13.872776	NaN	0.000000	0.001679	0.001826	28.081549	6.304226	0.001992	3164.346749	6.453094	14.480171	13.744992	0.091487	0.080341	0.080000	13.872776	3164.346749	0.077053	0.193955	71.525840	6564.582008
1099.000000	2.000000	0.092380	7375810.897666	-55089.072331	1055.819000	-29742.255593	0.000000	0.000000	6.094123	13.843721	NaN	0.000000	0.001663	0.001798	28.081430	6.608998	0.002064	3201.608615	9.470548	-168.726557	13.967831	0.092025	0.080893	0.080539	13.843721	3201.608615	0.077650	0.196593	70.418291	6597.171399
1099.000000	2.000000	0.092850	7375810.907666	-55089.074174	1055.819000	-29742.254521	0.000000	0.000000	6.094613	14.333289	NaN	0.000000	0.001669	0.001783	28.081630	6.727199	0.002069	3250.770455	11.010048	6.385295	13.737739	0.092508	0.081364	0.081021	14.333289	3250.770455	0.078057	0.198397	72.245602	6667.949308
1099.000000	2.000000	0.093350	7375810.917666	-55089.073222	1055.819000	-29742.254789	0.000000	0.000000	6.095136	14.881371	NaN	0.000000	0.001660	0.001805	28.081786	6.041731	0.002013	3000.829277	10.443204	-171.294788	14.711265	0.093053	0.081864	0.081566	14.881371	3000.829277	0.078144	0.198787	74.860766	6149.221783
1099.000000	2.000000	0.093838	7375810.927666	-55089.072174	1055.819000	-29742.254999	0.000000	0.000000	6.095624	14.883860	NaN	0.000000	0.001686	0.001767	28.081848	5.583195	0.001935	2885.151544	9.377530	9.883125	14.906463	0.093464	0.082351	0.081978	14.883860	2885.151544	0.078482	0.200295	74.309819	5889.889457
1099.000000	2.000000	0.094353	7375810.937666	-55089.072140	1055.819110	-29742.255000	0.000000	0.000000	6.096130	14.685043	NaN	0.000000	0.001679	0.001750	28.081690	5.933461	0.001955	3034.669958	8.159601	-167.292398	14.865556	0.094031	0.082866	0.082544	14.685043	3034.669958	0.079237	0.203679	72.098903	6143.436750
1099.000000	2.000000	0.094855	7375810.947666	-55089.072720	1055.819697	-29742.255097	0.000000	0.000000	6.096626	14.543944	NaN	0.000000	0.001673	0.001781	28.081394	5.926263	0.001879	3153.471269	8.716917	14.620060	14.682744	0.094484	0.083368	0.082998	14.543944	3153.471269	0.079909	0.206717	70.356873	6336.862056
1099.000000	2.000000	0.095367	7375810.957666	-55089.072313	1055.819192	-29742.255788	0.000000	0.000000	6.097134	14.434831	NaN	0.000000	0.001642	0.001782	28.081411	6.109982	0.002015	3032.593895	10.780591	-168.072840	14.384212	0.095073	0.083880	0.083586	14.434831	3032.593895	0.080311	0.208540	69.218493	6067.261006
1099.000000	2.000000	0.095827	7375810.967666	-55089.072734	1055.819000	-29742.255902	0.000000	0.000000	6.097604	14.684983	NaN	0.000000	0.001656	0.001771	28.081399	6.249106	0.001893	3301.941484	10.428240	10.688887	14.484520	0.095489	0.084340	0.084002	14.684983	3301.941484	0.081005	0.211712	69.363048	6556.467994
1099.000000	2.000000	0.096355	7375810.977666	-55089.072317	1055.818890	-29742.255212	0.000000	0.000000	6.098122	14.425492	NaN	0.000000	0.001714	0.001748	28.081554	6.353004	0.002031	3128.786983	10.972608	-169.523086	14.654269	0.096024	0.084868	0.084537	14.425492	3128.786983	0.081410	0.213576	67.542753	6185.478001
1099.000000	2.000000	0.096831	7375810.987666	-55089.072716	1055.818303	-29742.255001	0.000000	0.000000	6.098619	14.943571	NaN	0.000000	0.001704	0.001744	28.081379	6.411904	0.002035	3150.345030	8.251376	9.835200	14.240873	0.096499	0.085345	0.085012	14.943571	3150.345030	0.081787	0.215314	69.403648	6202.907131
1099.000000	2.000000	0.097347	7375810.997666	-55089.072302	1055.818808	-29742.254903	0.000000	0.000000	6.099154	15.411170	NaN	0.000000	0.001667	0.001772	28.081561	6.164096	0.001917	3216.007954	4.831374	-168.880880	15.353181	0.096993	0.085860	0.085506	15.411170	3216.007954	0.082266	0.217533	70.845085	6299.808872
1099.000000	2.000000	0.097842	7375811.007666	-55089.072698	1055.819000	-29742.254212	0.000000	0.000000	6.099646	15.328341	NaN	0.000000	0.001671	0.001786	28.081588	5.964117	0.002069	2882.221143	9.186023	12.060260	15.299687	0.097516	0.086356	0.086030	15.328341	2882.221143	0.082367	0.218002	70.312762	5639.881929
1099.000000	2.000000	0.098357	7375811.017667	-55089.072192	1055.818890	-29742.254098	0.000000	0.000000	6.100155	15.177290	NaN	0.000000	0.001686	0.001761	28.081603	6.070813	0.002087	2908.183679	8.993783	-170.343183	15.436471	0.098024	0.086871	0.086538	15.177290	2908.183679	0.082957	0.220750	68.753225	5655.154305
1099.000000	2.000000	0.098836	7375811.027666	-55089.072001	1055.818303	-29742.254788	0.000000	0.000000	6.100624	14.945283	NaN	0.000000	0.001691	0.001743	28.081144	6.060985	0.001986	3052.024262	-0.399749	15.419548	14.881495	0.098544	0.087349	0.087057	14.945283	3052.024262	0.083677	0.224129	66.681652	5889.959192
1099.000000	2.000000	0.099342	7375811.037666	-55089.072140	1055.818808	-29742.254999	0.000000	0.000000	6.101139	15.145550	NaN	0.000000	0.001648	0.001766	28.081274	6.394085	0.002074	3082.956025	1.890447	-165.950182	15.114885	0.099019	0.087856	0.087532	15.145550	3082.956025	0.084171	0.226463	66.878630	5918.909390
1099.000000	2.000000	0.099846	7375811.047666	-55089.072747	1055.819124	-29742.254890	0.000000	0.000000	6.101646	15.224441	NaN	0.000000	0.001671	0.001757	28.081399	6.882345	0.002058	3344.683102	2.797942	11.532355	15.046491	0.099474	0.088359	0.087988	15.224441	3344.683102	0.084945	0.230141	66.152540	6369.872935
1099.000000	2.000000	0.100345	7375811.057666	-55089.072212	1055.819716	-29742.254290	0.000000	0.000000	6.102135	14.967037	NaN	0.000000	0.001658	0.001751	28.081446	7.074583	0.002030	3485.354032	2.550512	-166.971697	15.244848	0.100065	0.088859	0.088579	14.967037	3485.354032	0.085638	0.233456	64.110858	6590.494150
1099.000000	2.000000	0.100849	7375811.067666	-55089.071876	1055.819192	-29742.254885	0.000000	0.000000	6.102643	15.080444	NaN	0.000000	0.001656	0.001749	28.081580	7.156814	0.001980	3613.953407	4.992708	11.737635	14.849355	0.100472	0.089362	0.088986	15.080444	3613.953407	0.086233	0.236318	63.814216	6792.152217
1099.000000	2.000000	0.101358	7375811.077666	-55089.071298	1055.819000	-29742.255593	0.000000	0.000000	6.103119	14.290949	NaN	0.000000	0.001665	0.001738	28.081569	6.797790	0.002041	3331.336595	8.303677	-166.400626	15.109861	0.101058	0.089872	0.089571	14.290949	3331.336595	0.086654	0.238356	59.956324	6234.170714
1099.000000	2.000000	0.101855	7375811.087666	-55089.071924	1055.818876	-29742.254424	0.000000	0.000000	6.103602	13.941048	NaN	0.000000	0.001662	0.001770	28.081506	6.170196	0.001950	3163.609798	9.447062	13.469918	13.873132	0.101528	0.090368	0.090042	13.941048	3163.609798	0.087063	0.240342	58.004998	5895.777861
1099.000000	2.000000	0.102312	7375811.097666	-55089.072663	1055.818394	-29742.254098	0.000000	0.000000	6.104104	15.027481	NaN	0.000000	0.001678	0.001759	28.081437	6.048199	0.001955	3093.439363	12.131947	-166.777009	14.318298	0.101991	0.090826	0.090504	15.027481	3093.439363	0.087182	0.240922	62.374843	5758.063493
1099.000000	2.000000	0.102821	7375811.107666	-55089.072173	1055.819491	-29742.254788	0.000000	0.000000	6.104621	15.211357	NaN	0.000000	0.001666	0.001745	28.081497	6.158416	0.001940	3174.229950	15.174360	11.622958	15.199655	0.102432	0.091335	0.090945	15.211357	3174.229950	0.087741	0.243649	62.431368	5875.286381
1099.000000	2.000000	0.103344	7375811.117666	-55089.072000	1055.819393	-29742.254999	0.000000	0.000000	6.105160	15.622962	NaN	0.000000	0.001697	0.001718	28.081531	5.926005	0.001981	2991.937605	14.489779	-170.554608	15.281628	0.103009	0.091858	0.091523	15.622962	2991.937605	0.087941	0.244633	63.862952	5526.733698
1099.000000	2.000000	0.103867	7375811.127666	-55089.072000	1055.820395	-29742.254903	0.000000	0.000000	6.105665	15.189910	NaN	0.000000	0.001712	0.001752	28.081536	5.957287	0.002114	2817.762614	7.246366	11.609352	15.632000	0.103504	0.092381	0.092017	15.189910	2817.762614	0.088338	0.246580	61.602453	5184.406127
1099.000000	2.000000	0.104324	7375811.137666	-55089.071876	1055.819274	-29742.254310	0.000000	0.000000	6.106101	14.666125	NaN	0.000000	0.001720	0.001754	28.081600	6.216135	0.002048	3034.577164	2.967645	-167.365222	14.914989	0.104110	0.092837	0.092623	14.666125	3034.577164	0.089213	0.250907	58.452464	5534.967931
1099.000000	2.000000	0.104823	7375811.147666	-55089.071271	1055.818318	-29742.254678	0.000000	0.000000	6.106599	14.639248	NaN	0.000000	0.001697	0.001749	28.081529	6.323046	0.002033	3110.157471	1.143206	12.226654	14.603433	0.104443	0.093337	0.092956	14.639248	3110.157471	0.089806	0.253862	57.666078	5639.705270
1099.000000	2.000000	0.105355	7375811.157666	-55089.071788	1055.818827	-29742.254289	0.000000	0.000000	6.107116	14.294669	NaN	0.000000	0.001696	0.001738	28.081521	6.388792	0.001961	3257.506579	3.775085	-171.046688	14.726458	0.105011	0.093868	0.093525	14.294669	3257.506579	0.090577	0.257723	55.465187	5862.484307
