1 1 0.00 0.00
1 2 1842.94 0.00
1 3 3686.16 0.14
1 4 5529.38 0.42
1 5 7372.46 0.56
1 6 9215.68 0.42
1 7 11059.04 0.42
1 8 12902.26 0.71
1 9 14745.34 0.71
1 10 16588.70 0.56
1 11 18432.06 0.71
1 12 20275.14 0.71
1 13 22118.22 0.71
1 14 23961.44 0.71
1 15 25804.52 0.85
1 16 27647.74 0.71
1 17 29490.82 0.71
1 18 31333.76 0.71
1 19 33177.26 0.85
1 20 35020.62 0.71
1 21 36864.12 0.85
1 22 38707.20 0.71
1 23 40549.86 0.71
1 24 42393.22 0.71
1 25 44236.44 0.71
1 26 46079.52 0.85
1 27 47922.60 0.71
1 28 49765.96 0.56
1 29 51609.46 0.85
1 30 53452.68 0.71
1 31 55295.62 0.85
1 32 57138.98 0.71
1 33 58981.92 0.56
1 34 60825.00 0.85
1 35 62668.36 0.71
1 36 64511.72 0.56
1 37 66355.23 0.71
1 38 68198.87 0.56
1 39 70042.23 0.42
2 1 1.13 1843.64
2 2 1844.21 1843.50
2 3 3687.43 1843.36
2 4 5530.37 1843.79
2 5 7373.16 1843.79
2 6 9216.10 1843.64
2 7 11059.60 1843.50
2 8 12903.53 1843.22
2 9 14746.05 1843.36
2 10 16588.98 1843.36
2 11 18432.77 1843.22
2 12 20276.27 1843.22
2 13 22119.49 1843.22
2 14 23962.85 1843.36
2 15 25805.79 1843.08
2 16 27648.87 1843.22
2 17 29492.23 1843.22
2 18 31335.59 1843.22
2 19 33178.81 1843.22
2 20 35021.19 1843.22
2 21 36864.55 1843.36
2 22 38708.33 1843.36
2 23 40550.99 1843.08
2 24 42393.79 1843.36
2 25 44236.58 1843.08
2 26 46079.66 1843.36
2 27 47923.02 1843.50
2 28 49766.38 1843.22
2 29 51609.89 1843.36
2 30 53452.97 1843.36
2 31 55295.76 1843.22
2 32 57138.84 1843.22
2 33 58982.20 1843.22
2 34 60825.42 1843.36
2 35 62668.64 1843.08
2 36 64511.58 1843.22
2 37 66354.94 1843.36
2 38 68198.59 1843.22
2 39 70042.09 1843.22
3 1 1.13 3686.44
3 2 1843.64 3686.58
3 3 3686.16 3686.72
3 4 5529.38 3687.01
3 5 7372.60 3687.15
3 6 9215.82 3687.01
3 7 11058.90 3687.01
3 8 12902.40 3687.15
3 9 14745.48 3687.15
3 10 16588.56 3687.15
3 11 18431.64 3687.15
3 12 20274.86 3687.29
3 13 22118.22 3687.15
3 14 23961.72 3687.15
3 15 25805.23 3687.15
3 16 27647.74 3687.15
3 17 29490.54 3687.15
3 18 31333.76 3687.15
3 19 33177.26 3687.29
3 20 35020.62 3687.15
3 21 36864.27 3687.15
3 22 38707.77 3687.15
3 23 40550.00 3687.01
3 24 42393.08 3687.15
3 25 44236.72 3687.01
3 26 46079.52 3687.15
3 27 47922.88 3687.15
3 28 49765.96 3687.29
3 29 51609.60 3687.01
3 30 53453.25 3687.29
3 31 55295.76 3687.15
3 32 57139.12 3687.15
3 33 58982.34 3687.29
3 34 60825.14 3687.43
3 35 62668.64 3687.15
3 36 64511.72 3687.15
3 37 66355.23 3686.72
3 38 68198.87 3686.58
3 39 70042.23 3686.58
4 1 0.99 5530.08
4 2 1844.35 5529.94
4 3 3687.57 5529.80
4 4 5530.79 5529.66
4 5 7373.73 5529.66
4 6 9216.67 5529.52
4 7 11060.17 5529.52
4 8 12903.67 5529.80
4 9 14746.61 5529.80
4 10 16589.55 5529.80
4 11 18432.63 5529.66
4 12 20276.13 5529.80
4 13 22118.93 5529.80
4 14 23962.29 5529.52
4 15 25805.93 5529.66
4 16 27648.73 5529.66
4 17 29492.23 5529.66
4 18 31335.31 5529.66
4 19 33178.25 5529.80
4 20 35021.89 5529.80
4 21 36864.83 5529.80
4 22 38708.05 5529.94
4 23 40550.99 5529.52
4 24 42394.07 5529.80
4 25 44237.99 5529.66
4 26 46080.51 5529.66
4 27 47923.59 5529.80
4 28 49767.37 5529.66
4 29 51610.03 5529.80
4 30 53452.68 5529.66
4 31 55295.90 5529.66
4 32 57139.27 5529.80
4 33 58982.34 5529.80
4 34 60825.42 5529.66
4 35 62668.64 5529.66
4 36 64511.58 5529.38
4 37 66354.94 5529.80
4 38 68198.73 5529.80
4 39 70042.37 5529.66
5 1 1.13 7372.88
5 2 1843.50 7373.02
5 3 3686.16 7373.02
5 4 5529.38 7373.45
5 5 7372.60 7373.45
5 6 9215.82 7373.45
5 7 11059.18 7373.45
5 8 12902.12 7373.59
5 9 14745.34 7373.59
5 10 16589.27 7373.59
5 11 18432.49 7373.73
5 12 20275.00 7373.59
5 13 22117.94 7373.59
5 14 23961.44 7373.59
5 15 25804.52 7373.59
5 16 27647.60 7373.59
5 17 29490.82 7373.59
5 18 31333.90 7373.59
5 19 33177.40 7373.73
5 20 35020.76 7373.59
5 21 36863.84 7373.59
5 22 38707.20 7373.59
5 23 40550.42 7373.45
5 24 42393.36 7373.59
5 25 44236.44 7373.59
5 26 46079.66 7373.73
5 27 47922.74 7373.59
5 28 49765.82 7373.73
5 29 51609.32 7373.87
5 30 53452.68 7373.45
5 31 55295.20 7373.59
5 32 57138.70 7373.73
5 33 58982.49 7373.73
5 34 60825.71 7373.45
5 35 62668.79 7373.59
5 36 64511.72 7373.45
5 37 66355.23 7373.45
5 38 68198.87 7373.45
5 39 70042.23 7373.31
6 1 0.56 9216.24
6 2 1844.07 9216.24
6 3 3687.15 9216.10
6 4 5530.37 9216.38
6 5 7373.87 9216.38
6 6 9216.95 9216.10
6 7 11059.89 9215.68
6 8 12903.53 9216.10
6 9 14746.19 9216.10
6 10 16589.41 9215.96
6 11 18432.49 9216.10
6 12 20275.71 9216.24
6 13 22119.35 9216.24
6 14 23962.71 9216.10
6 15 25806.21 9216.10
6 16 27648.59 9216.24
6 17 29491.95 9216.10
6 18 31335.03 9216.10
6 19 33178.11 9216.10
6 20 35022.03 9216.24
6 21 36864.97 9216.38
6 22 38707.49 9216.38
6 23 40550.56 9216.10
6 24 42394.49 9216.38
6 25 44237.57 9216.10
6 26 46080.37 9216.10
6 27 47923.73 9216.10
6 28 49767.37 9216.10
6 29 51610.03 9216.10
6 30 53452.97 9215.96
6 31 55296.19 9216.10
6 32 57138.98 9216.24
6 33 58982.20 9216.24
6 34 60825.28 9216.10
6 35 62668.79 9216.24
6 36 64511.72 9216.38
6 37 66354.80 9216.95
6 38 68198.45 9216.81
6 39 70042.23 9216.81
7 1 0.56 11059.46
7 2 1843.22 11059.46
7 3 3685.88 11059.46
7 4 5529.38 11059.89
7 5 7372.60 11059.89
7 6 9215.82 11059.89
7 7 11059.04 11059.89
7 8 12902.26 11060.03
7 9 14745.34 11060.03
7 10 16588.56 11060.03
7 11 18431.50 11060.03
7 12 20274.72 11060.03
7 13 22118.08 11060.03
7 14 23961.16 11060.03
7 15 25804.80 11060.03
7 16 27648.16 11060.03
7 17 29491.10 11060.03
7 18 31334.18 11060.03
7 19 33177.12 11060.17
7 20 35020.48 11060.03
7 21 36863.98 11060.03
7 22 38706.92 11059.89
7 23 40549.86 11060.03
7 24 42393.22 11060.03
7 25 44236.58 11060.03
7 26 46079.66 11060.17
7 27 47922.88 11060.31
7 28 49765.96 11059.75
7 29 51609.46 11060.03
7 30 53452.82 11060.03
7 31 55295.62 11060.03
7 32 57138.84 11060.17
7 33 58982.06 11059.89
7 34 60825.71 11059.89
7 35 62669.07 11060.03
7 36 64511.86 11059.89
7 37 66354.94 11059.89
7 38 68198.59 11059.75
7 39 70042.23 11059.75
8 1 0.99 12902.97
8 2 1844.07 12902.97
8 3 3687.15 12902.82
8 4 5530.37 12903.25
8 5 7373.87 12903.11
8 6 9216.95 12902.97
8 7 11060.17 12902.97
8 8 12903.53 12902.40
8 9 14746.89 12902.54
8 10 16589.97 12902.54
8 11 18432.34 12902.68
8 12 20275.42 12902.40
8 13 22119.49 12902.54
8 14 23962.85 12902.54
8 15 25805.23 12902.40
8 16 27648.16 12902.54
8 17 29492.09 12902.54
8 18 31335.59 12902.54
8 19 33178.95 12902.40
8 20 35021.75 12902.40
8 21 36864.97 12902.40
8 22 38708.76 12902.40
8 23 40551.55 12902.54
8 24 42394.49 12902.68
8 25 44237.01 12902.26
8 26 46080.23 12902.40
8 27 47924.01 12902.54
8 28 49767.09 12902.68
8 29 51610.31 12902.40
8 30 53452.82 12902.40
8 31 55295.76 12902.68
8 32 57139.41 12902.68
8 33 58982.34 12902.68
8 34 60825.28 12902.26
8 35 62668.64 12902.40
8 36 64511.86 12902.54
8 37 66354.94 12902.68
8 38 68198.59 12902.54
8 39 70042.23 12902.40
9 1 0.99 14746.19
9 2 1843.64 14746.19
9 3 3686.16 14746.33
9 4 5529.38 14746.19
9 5 7372.74 14746.33
9 6 9215.96 14746.33
9 7 11059.75 14746.33
9 8 12902.82 14746.19
9 9 14745.48 14746.47
9 10 16588.98 14746.47
9 11 18431.92 14746.33
9 12 20274.86 14746.33
9 13 22118.08 14746.19
9 14 23961.02 14746.33
9 15 25804.52 14746.33
9 16 27648.02 14746.33
9 17 29491.24 14746.33
9 18 31333.90 14746.19
9 19 33177.68 14746.33
9 20 35020.90 14746.33
9 21 36863.84 14746.47
9 22 38707.20 14746.19
9 23 40549.72 14746.19
9 24 42393.08 14746.47
9 25 44236.58 14746.05
9 26 46079.80 14746.19
9 27 47922.74 14746.47
9 28 49765.96 14746.61
9 29 51609.32 14746.05
9 30 53452.26 14746.47
9 31 55295.34 14746.05
9 32 57138.70 14746.19
9 33 58982.06 14746.19
9 34 60825.42 14746.33
9 35 62668.93 14746.47
9 36 64512.01 14746.33
9 37 66354.94 14746.19
9 38 68198.45 14746.05
9 39 70041.95 14745.90
10 1 0.85 16588.98
10 2 1844.21 16588.98
10 3 3687.57 16588.84
10 4 5530.79 16589.27
10 5 7373.31 16589.27
10 6 9216.53 16589.12
10 7 11059.75 16588.98
10 8 12902.12 16588.98
10 9 14746.05 16589.27
10 10 16590.11 16589.12
10 11 18433.05 16588.84
10 12 20276.27 16588.98
10 13 22119.35 16588.84
10 14 23962.43 16588.84
10 15 25805.93 16588.98
10 16 27648.45 16589.12
10 17 29491.67 16589.12
10 18 31335.45 16588.98
10 19 33178.39 16588.84
10 20 35021.75 16588.84
10 21 36865.40 16588.98
10 22 38707.77 16588.84
10 23 40550.71 16588.84
10 24 42394.49 16588.98
10 25 44237.01 16588.84
10 26 46079.80 16589.12
10 27 47923.73 16589.12
10 28 49767.51 16588.56
10 29 51610.45 16588.84
10 30 53453.39 16589.12
10 31 55296.05 16588.84
10 32 57139.27 16588.84
10 33 58982.49 16588.84
10 34 60825.28 16588.98
10 35 62668.64 16588.84
10 36 64511.86 16588.98
10 37 66354.94 16589.12
10 38 68198.59 16589.12
10 39 70041.95 16588.84
11 1 0.99 18432.77
11 2 1843.64 18432.77
11 3 3686.86 18432.77
11 4 5529.94 18432.77
11 5 7372.46 18432.77
11 6 9215.96 18432.63
11 7 11059.32 18432.77
11 8 12902.40 18432.77
11 9 14745.34 18432.77
11 10 16588.84 18432.77
11 11 18432.06 18432.77
11 12 20275.14 18432.77
11 13 22118.08 18432.91
11 14 23961.16 18432.77
11 15 25804.38 18432.91
11 16 27647.88 18432.77
11 17 29491.10 18432.77
11 18 31334.04 18432.77
11 19 33177.26 18432.91
11 20 35020.90 18432.77
11 21 36864.55 18432.77
11 22 38707.06 18432.91
11 23 40549.72 18432.63
11 24 42393.08 18432.91
11 25 44236.44 18432.63
11 26 46079.66 18432.77
11 27 47922.74 18432.77
11 28 49765.82 18432.91
11 29 51609.18 18432.20
11 30 53452.12 18432.49
11 31 55295.20 18432.77
11 32 57138.98 18432.77
11 33 58982.20 18432.77
11 34 60825.85 18432.63
11 35 62669.21 18432.63
11 36 64511.72 18432.91
11 37 66355.23 18432.20
11 38 68198.87 18432.20
11 39 70042.09 18432.06
12 1 0.85 20275.56
12 2 1844.21 20275.42
12 3 3687.57 20275.42
12 4 5531.07 20275.71
12 5 7373.87 20275.71
12 6 9216.81 20275.42
12 7 11060.17 20275.00
12 8 12903.53 20275.42
12 9 14746.89 20275.56
12 10 16589.41 20275.56
12 11 18432.06 20275.28
12 12 20276.13 20275.42
12 13 22119.07 20275.42
12 14 23961.86 20275.28
12 15 25805.08 20275.28
12 16 27648.45 20275.42
12 17 29492.37 20275.42
12 18 31335.45 20275.56
12 19 33178.39 20275.42
12 20 35021.61 20275.28
12 21 36865.40 20275.42
12 22 38708.76 20275.42
12 23 40551.41 20275.42
12 24 42394.35 20275.56
12 25 44237.57 20275.28
12 26 46080.93 20275.42
12 27 47924.15 20275.42
12 28 49767.23 20275.56
12 29 51609.75 20275.42
12 30 53452.97 20275.56
12 31 55296.05 20275.56
12 32 57138.98 20275.28
12 33 58982.34 20275.28
12 34 60825.28 20275.42
12 35 62668.64 20275.42
12 36 64511.72 20275.14
12 37 66355.23 20275.56
12 38 68198.73 20275.42
12 39 70041.95 20275.28
13 1 0.85 22119.21
13 2 1843.50 22119.21
13 3 3686.16 22119.21
13 4 5529.52 22119.21
13 5 7372.60 22119.21
13 6 9215.96 22119.07
13 7 11059.04 22119.07
13 8 12902.12 22119.21
13 9 14745.20 22119.21
13 10 16588.56 22119.21
13 11 18431.78 22119.35
13 12 20274.86 22119.07
13 13 22118.08 22119.35
13 14 23961.44 22119.35
13 15 25804.52 22119.21
13 16 27647.46 22119.35
13 17 29490.96 22119.35
13 18 31333.90 22119.21
13 19 33177.26 22119.35
13 20 35020.76 22119.21
13 21 36863.70 22119.35
13 22 38707.06 22119.07
13 23 40550.14 22119.07
13 24 42393.08 22118.93
13 25 44236.44 22119.21
13 26 46079.80 22119.21
13 27 47922.74 22119.35
13 28 49765.96 22118.50
13 29 51609.04 22118.93
13 30 53452.40 22119.35
13 31 55295.62 22119.35
13 32 57138.98 22119.07
13 33 58982.34 22119.07
13 34 60825.71 22119.21
13 35 62669.07 22119.35
13 36 64511.86 22118.79
13 37 66354.80 22119.21
13 38 68198.45 22119.07
13 39 70042.09 22118.93
14 1 0.99 23962.15
14 2 1844.35 23962.01
14 3 3687.43 23962.01
14 4 5530.79 23962.29
14 5 7373.87 23962.29
14 6 9217.23 23962.15
14 7 11059.75 23962.01
14 8 12902.97 23961.58
14 9 14746.89 23961.86
14 10 16590.11 23961.86
14 11 18432.77 23961.86
14 12 20275.71 23961.86
14 13 22119.07 23961.58
14 14 23962.57 23961.72
14 15 25805.93 23961.86
14 16 27649.01 23961.86
14 17 29492.23 23961.86
14 18 31335.31 23961.72
14 19 33177.97 23961.72
14 20 35020.62 23961.86
14 21 36864.55 23962.01
14 22 38708.05 23962.01
14 23 40550.99 23961.58
14 24 42394.49 23961.86
14 25 44237.15 23961.72
14 26 46080.08 23961.86
14 27 47923.73 23961.72
14 28 49766.95 23961.86
14 29 51609.75 23962.01
14 30 53452.68 23961.72
14 31 55296.33 23961.86
14 32 57139.41 23962.01
14 33 58982.20 23961.86
14 34 60825.56 23961.72
14 35 62669.21 23961.72
14 36 64512.15 23961.72
14 37 66354.80 23962.01
14 38 68198.45 23961.86
14 39 70041.95 23961.72
15 1 0.99 25805.51
15 2 1843.36 25805.51
15 3 3686.16 25805.51
15 4 5529.52 25805.51
15 5 7373.16 25805.51
15 6 9216.38 25805.37
15 7 11058.90 25805.37
15 8 12902.26 25805.51
15 9 14745.62 25805.65
15 10 16588.56 25805.51
15 11 18431.64 25805.51
15 12 20275.00 25805.51
15 13 22118.08 25805.65
15 14 23961.58 25805.37
15 15 25805.08 25805.51
15 16 27647.46 25805.65
15 17 29491.10 25805.51
15 18 31334.32 25805.51
15 19 33177.12 25805.65
15 20 35021.05 25805.37
15 21 36863.98 25805.51
15 22 38706.92 25805.65
15 23 40550.28 25805.37
15 24 42393.50 25805.65
15 25 44236.58 25805.51
15 26 46079.80 25805.65
15 27 47922.88 25805.37
15 28 49765.96 25805.51
15 29 51609.18 25805.79
15 30 53452.54 25804.94
15 31 55295.48 25805.08
15 32 57138.84 25805.08
15 33 58982.49 25805.23
15 34 60825.42 25805.23
15 35 62668.93 25805.37
15 36 64512.57 25805.65
15 37 66355.51 25805.23
15 38 68198.73 25805.08
15 39 70042.37 25804.94
16 1 0.85 27648.16
16 2 1844.07 27648.16
16 3 3687.71 27648.02
16 4 5530.93 27648.31
16 5 7373.87 27648.45
16 6 9216.95 27648.31
16 7 11059.60 27648.16
16 8 12903.11 27648.16
16 9 14746.75 27647.88
16 10 16589.97 27648.02
16 11 18433.05 27648.16
16 12 20276.13 27648.16
16 13 22119.35 27647.88
16 14 23962.99 27648.02
16 15 25806.36 27648.16
16 16 27649.15 27648.16
16 17 29491.67 27648.31
16 18 31334.46 27648.16
16 19 33177.68 27647.88
16 20 35021.05 27648.02
16 21 36864.83 27648.16
16 22 38708.19 27648.16
16 23 40551.27 27648.02
16 24 42394.49 27648.16
16 25 44237.57 27648.16
16 26 46080.23 27648.02
16 27 47923.45 27648.02
16 28 49767.37 27648.02
16 29 51609.89 27648.02
16 30 53452.82 27648.16
16 31 55296.47 27648.02
16 32 57139.27 27648.02
16 33 58982.06 27648.16
16 34 60825.28 27648.02
16 35 62668.64 27648.02
16 36 64511.58 27648.45
16 37 66354.66 27648.87
16 38 68198.45 27648.73
16 39 70042.23 27648.73
17 1 0.99 29491.38
17 2 1843.79 29491.38
17 3 3686.30 29491.38
17 4 5529.38 29491.81
17 5 7372.74 29491.81
17 6 9215.82 29491.81
17 7 11059.04 29491.81
17 8 12902.54 29491.95
17 9 14745.34 29491.95
17 10 16588.56 29491.95
17 11 18431.78 29491.95
17 12 20274.86 29492.09
17 13 22117.94 29491.95
17 14 23961.30 29492.09
17 15 25804.80 29492.09
17 16 27648.02 29491.95
17 17 29491.38 29491.95
17 18 31334.60 29491.95
17 19 33177.97 29491.81
17 20 35020.76 29491.95
17 21 36863.42 29491.95
17 22 38706.78 29492.09
17 23 40549.86 29491.95
17 24 42393.22 29491.95
17 25 44236.72 29491.95
17 26 46079.80 29491.95
17 27 47922.88 29491.81
17 28 49765.96 29491.95
17 29 51609.04 29491.81
17 30 53452.40 29491.95
17 31 55295.48 29491.81
17 32 57138.56 29491.95
17 33 58981.78 29492.09
17 34 60825.14 29491.95
17 35 62668.79 29491.95
17 36 64512.01 29491.81
17 37 66355.08 29491.81
17 38 68198.73 29491.53
17 39 70042.09 29491.53
18 1 0.85 31334.89
18 2 1844.21 31334.75
18 3 3687.57 31334.75
18 4 5530.37 31335.03
18 5 7373.31 31335.03
18 6 9216.95 31334.89
18 7 11060.45 31334.75
18 8 12902.97 31334.18
18 9 14746.19 31334.46
18 10 16590.25 31334.46
18 11 18432.91 31334.60
18 12 20275.28 31334.32
18 13 22118.50 31334.46
18 14 23962.01 31334.46
18 15 25805.65 31334.18
18 16 27649.01 31334.32
18 17 29492.09 31334.18
18 18 31335.45 31334.32
18 19 33178.81 31334.46
18 20 35021.33 31334.46
18 21 36864.41 31334.60
18 22 38708.19 31334.60
18 23 40550.99 31334.18
18 24 42393.64 31334.46
18 25 44237.01 31334.32
18 26 46080.93 31334.46
18 27 47924.15 31334.32
18 28 49767.09 31334.46
18 29 51610.17 31334.46
18 30 53453.39 31334.32
18 31 55296.33 31334.46
18 32 57138.84 31334.46
18 33 58982.06 31334.46
18 34 60825.28 31334.18
18 35 62668.93 31334.46
18 36 64512.01 31334.60
18 37 66355.08 31335.17
18 38 68199.01 31335.03
18 39 70042.23 31335.03
19 1 0.85 33178.25
19 2 1843.50 33178.25
19 3 3686.30 33178.39
19 4 5529.38 33178.25
19 5 7372.74 33178.25
19 6 9215.96 33178.25
19 7 11058.90 33178.25
19 8 12902.12 33178.25
19 9 14745.62 33178.39
19 10 16588.56 33178.39
19 11 18431.78 33178.25
19 12 20274.86 33178.25
19 13 22117.94 33178.39
19 14 23961.58 33178.11
19 15 25804.80 33178.25
19 16 27647.60 33178.39
19 17 29490.82 33178.39
19 18 31334.18 33178.11
19 19 33178.25 33178.25
19 20 35021.19 33178.25
19 21 36863.70 33178.25
19 22 38707.06 33178.11
19 23 40550.14 33178.25
19 24 42393.79 33178.11
19 25 44237.15 33178.39
19 26 46080.08 33178.11
19 27 47922.88 33178.25
19 28 49765.96 33178.11
19 29 51608.76 33178.39
19 30 53452.26 33177.97
19 31 55295.62 33177.97
19 32 57138.70 33178.11
19 33 58981.78 33178.11
19 34 60825.00 33178.25
19 35 62668.50 33178.39
19 36 64511.86 33178.11
19 37 66355.23 33178.25
19 38 68198.73 33177.97
19 39 70041.67 33177.97
20 1 0.42 35021.19
20 2 1844.21 35021.05
20 3 3687.29 35021.05
20 4 5530.79 35021.47
20 5 7373.87 35021.47
20 6 9216.81 35021.33
20 7 11060.31 35021.19
20 8 12903.81 35020.62
20 9 14746.75 35020.90
20 10 16589.83 35020.90
20 11 18433.19 35021.19
20 12 20276.41 35021.05
20 13 22119.21 35020.76
20 14 23962.43 35020.90
20 15 25806.21 35020.90
20 16 27649.44 35020.76
20 17 29491.81 35020.76
20 18 31334.46 35020.76
20 19 33177.68 35020.90
20 20 35021.05 35020.90
20 21 36864.83 35020.48
20 22 38708.33 35020.62
20 23 40551.27 35020.76
20 24 42394.35 35020.76
20 25 44237.57 35020.90
20 26 46080.51 35020.76
20 27 47923.59 35020.90
20 28 49766.95 35020.76
20 29 51609.89 35020.90
20 30 53453.11 35020.76
20 31 55296.05 35020.76
20 32 57139.27 35020.90
20 33 58982.91 35020.90
20 34 60825.71 35020.34
20 35 62668.64 35020.62
20 36 64511.58 35020.90
20 37 66355.23 35020.90
20 38 68198.59 35020.90
20 39 70041.67 35020.76
21 1 0.28 36864.55
21 2 1842.94 36864.55
21 3 3685.73 36864.69
21 4 5529.52 36864.69
21 5 7372.74 36864.55
21 6 9215.82 36864.55
21 7 11059.32 36864.55
21 8 12902.54 36864.69
21 9 14745.48 36864.83
21 10 16588.70 36864.69
21 11 18431.92 36864.69
21 12 20274.72 36864.83
21 13 22118.08 36864.55
21 14 23961.44 36864.55
21 15 25804.66 36864.69
21 16 27647.74 36864.83
21 17 29491.10 36864.69
21 18 31334.32 36864.69
21 19 33177.40 36864.83
21 20 35020.62 36864.55
21 21 36863.70 36864.69
21 22 38706.92 36864.83
21 23 40550.00 36864.55
21 24 42393.22 36864.83
21 25 44236.44 36864.55
21 26 46079.66 36864.55
21 27 47922.74 36864.83
21 28 49765.96 36864.55
21 29 51609.18 36864.69
21 30 53452.40 36864.55
21 31 55295.48 36864.55
21 32 57138.42 36864.69
21 33 58981.64 36864.69
21 34 60824.86 36864.83
21 35 62668.64 36864.83
21 36 64511.86 36864.55
21 37 66354.94 36864.83
21 38 68198.59 36864.69
21 39 70041.81 36864.69
22 1 1.13 38707.63
22 2 1844.21 38707.49
22 3 3687.43 38707.49
22 4 5530.65 38707.77
22 5 7373.73 38707.77
22 6 9216.67 38707.63
22 7 11060.03 38707.49
22 8 12903.67 38707.06
22 9 14746.89 38707.20
22 10 16589.83 38707.20
22 11 18432.49 38707.20
22 12 20275.71 38707.34
22 13 22119.21 38707.20
22 14 23962.71 38707.06
22 15 25806.21 38707.06
22 16 27649.15 38707.20
22 17 29491.95 38707.20
22 18 31335.45 38707.20
22 19 33178.39 38707.34
22 20 35020.90 38707.49
22 21 36864.12 38707.49
22 22 38707.91 38706.92
22 23 40551.13 38707.20
22 24 42394.21 38707.34
22 25 44237.43 38707.06
22 26 46080.23 38707.06
22 27 47923.16 38707.20
22 28 49766.81 38707.06
22 29 51610.03 38707.20
22 30 53452.97 38707.06
22 31 55296.47 38707.20
22 32 57139.83 38707.20
22 33 58983.05 38707.20
22 34 60826.13 38706.92
22 35 62668.79 38707.06
22 36 64511.72 38707.20
22 37 66354.80 38707.20
22 38 68198.59 38707.20
22 39 70041.95 38707.06
23 1 1.13 40550.99
23 2 1843.64 40550.99
23 3 3686.16 40550.99
23 4 5529.38 40550.85
23 5 7372.74 40550.85
23 6 9216.10 40550.85
23 7 11059.46 40550.85
23 8 12902.40 40550.85
23 9 14745.34 40551.13
23 10 16588.56 40551.13
23 11 18431.64 40550.85
23 12 20274.72 40550.85
23 13 22117.66 40551.13
23 14 23961.16 40551.13
23 15 25804.80 40550.85
23 16 27647.74 40550.85
23 17 29490.68 40550.85
23 18 31334.32 40550.99
23 19 33177.54 40551.13
23 20 35020.48 40550.99
23 21 36863.70 40550.99
23 22 38706.78 40550.99
23 23 40550.14 40550.99
23 24 42393.64 40551.13
23 25 44236.72 40550.85
23 26 46079.80 40550.85
23 27 47922.88 40550.99
23 28 49766.10 40550.99
23 29 51609.18 40551.13
23 30 53452.40 40550.85
23 31 55295.62 40550.85
23 32 57138.70 40550.99
23 33 58981.92 40550.99
23 34 60825.56 40551.13
23 35 62669.49 40550.85
23 36 64512.01 40550.99
23 37 66354.52 40550.99
23 38 68198.45 40550.71
23 39 70042.09 40550.56
24 1 1.27 42393.79
24 2 1844.35 42393.64
24 3 3687.43 42393.64
24 4 5530.65 42393.50
24 5 7373.87 42393.50
24 6 9216.38 42393.50
24 7 11059.89 42393.36
24 8 12903.39 42393.64
24 9 14746.33 42393.50
24 10 16589.83 42393.50
24 11 18433.19 42393.64
24 12 20276.27 42393.64
24 13 22118.79 42393.36
24 14 23962.29 42393.50
24 15 25805.51 42393.50
24 16 27648.45 42393.64
24 17 29492.23 42393.50
24 18 31335.17 42393.50
24 19 33178.53 42393.50
24 20 35021.33 42393.64
24 21 36864.41 42393.64
24 22 38708.33 42393.36
24 23 40551.55 42393.50
24 24 42394.49 42393.50
24 25 44237.71 42393.79
24 26 46080.79 42393.50
24 27 47923.31 42393.64
24 28 49766.81 42393.50
24 29 51610.45 42393.64
24 30 53453.25 42393.93
24 31 55295.76 42393.36
24 32 57138.84 42393.50
24 33 58982.20 42393.50
24 34 60825.56 42393.64
24 35 62668.93 42393.64
24 36 64511.86 42393.36
24 37 66354.80 42393.79
24 38 68198.31 42393.64
24 39 70041.95 42393.64
25 1 1.27 44237.43
25 2 1843.64 44237.29
25 3 3686.16 44237.43
25 4 5529.38 44237.43
25 5 7372.60 44237.43
25 6 9215.96 44237.29
25 7 11058.90 44237.29
25 8 12902.26 44237.43
25 9 14745.20 44237.57
25 10 16588.42 44237.43
25 11 18431.92 44237.57
25 12 20274.86 44237.43
25 13 22117.66 44237.43
25 14 23960.88 44237.43
25 15 25804.10 44237.43
25 16 27647.74 44237.57
25 17 29491.53 44237.57
25 18 31335.03 44237.43
25 19 33178.25 44237.43
25 20 35020.76 44237.57
25 21 36863.70 44237.43
25 22 38706.92 44237.57
25 23 40550.00 44237.15
25 24 42393.50 44237.43
25 25 44236.44 44237.29
25 26 46079.52 44237.43
25 27 47922.88 44237.57
25 28 49766.10 44237.29
25 29 51609.18 44237.57
25 30 53452.40 44237.29
25 31 55295.62 44237.29
25 32 57138.84 44237.43
25 33 58982.06 44237.43
25 34 60825.28 44237.57
25 35 62668.50 44237.29
25 36 64511.44 44237.57
25 37 66355.23 44237.15
25 38 68198.73 44237.01
25 39 70041.81 44237.01
26 1 0.99 46080.08
26 2 1844.07 46079.94
26 3 3687.29 46079.94
26 4 5529.94 46080.23
26 5 7372.60 46080.23
26 6 9216.24 46080.08
26 7 11060.03 46079.94
26 8 12903.39 46080.23
26 9 14745.90 46080.37
26 10 16588.98 46080.37
26 11 18432.77 46079.80
26 12 20276.55 46079.80
26 13 22119.92 46079.80
26 14 23962.85 46079.94
26 15 25805.23 46079.94
26 16 27648.31 46080.08
26 17 29492.23 46080.08
26 18 31335.45 46080.23
26 19 33178.53 46080.37
26 20 35021.47 46080.23
26 21 36864.69 46079.94
26 22 38708.05 46079.94
26 23 40550.99 46080.08
26 24 42394.77 46079.66
26 25 44237.99 46080.08
26 26 46080.79 46079.66
26 27 47924.01 46079.80
26 28 49767.23 46080.08
26 29 51610.45 46079.94
26 30 53453.67 46080.23
26 31 55296.47 46079.80
26 32 57139.41 46079.94
26 33 58982.49 46079.80
26 34 60825.56 46079.94
26 35 62669.21 46080.08
26 36 64512.01 46079.80
26 37 66354.80 46080.23
26 38 68198.31 46080.08
26 39 70041.67 46080.08
27 1 0.85 47923.31
27 2 1843.50 47923.45
27 3 3686.16 47923.45
27 4 5529.38 47923.87
27 5 7372.60 47923.87
27 6 9215.96 47923.87
27 7 11059.04 47923.87
27 8 12902.26 47923.87
27 9 14745.34 47923.87
27 10 16588.42 47923.87
27 11 18431.50 47923.87
27 12 20274.86 47923.87
27 13 22117.94 47923.87
27 14 23960.88 47923.87
27 15 25804.24 47923.87
27 16 27647.32 47923.87
27 17 29490.54 47923.87
27 18 31334.04 47923.87
27 19 33177.40 47923.87
27 20 35020.62 47924.01
27 21 36864.27 47923.87
27 22 38707.34 47923.87
27 23 40550.00 47923.87
27 24 42393.22 47924.01
27 25 44236.30 47923.73
27 26 46079.66 47923.87
27 27 47922.88 47924.01
27 28 49766.10 47923.73
27 29 51609.18 47924.01
27 30 53452.40 47923.73
27 31 55295.48 47923.87
27 32 57138.56 47923.87
27 33 58981.92 47923.87
27 34 60825.14 47924.01
27 35 62668.50 47923.59
27 36 64511.58 47923.87
27 37 66354.80 47923.73
27 38 68198.59 47923.45
27 39 70042.23 47923.45
28 1 1.13 49766.67
28 2 1844.21 49766.67
28 3 3687.43 49766.67
28 4 5530.51 49766.95
28 5 7373.16 49766.95
28 6 9216.24 49766.81
28 7 11059.89 49766.81
28 8 12903.53 49766.10
28 9 14746.89 49766.53
28 10 16589.83 49766.38
28 11 18433.05 49766.53
28 12 20275.71 49766.67
28 13 22118.36 49766.67
28 14 23962.29 49766.24
28 15 25806.21 49766.38
28 16 27648.59 49766.38
28 17 29491.38 49766.38
28 18 31335.31 49766.38
28 19 33178.11 49766.38
28 20 35021.19 49766.38
28 21 36864.97 49766.38
28 22 38708.19 49766.53
28 23 40550.99 49766.24
28 24 42394.35 49766.53
28 25 44237.71 49766.38
28 26 46080.79 49766.53
28 27 47923.87 49766.24
28 28 49767.37 49766.38
28 29 51610.73 49766.38
28 30 53453.53 49766.24
28 31 55296.47 49766.38
28 32 57139.83 49766.24
28 33 58982.77 49766.38
28 34 60825.56 49766.38
28 35 62668.93 49766.53
28 36 64511.72 49766.24
28 37 66354.66 49766.67
28 38 68198.45 49766.53
28 39 70042.23 49766.53
29 1 1.13 51609.46
29 2 1843.50 51609.60
29 3 3686.44 51609.75
29 4 5529.80 51610.03
29 5 7372.60 51610.17
29 6 9216.10 51610.03
29 7 11059.32 51610.03
29 8 12902.40 51610.17
29 9 14745.34 51610.17
29 10 16588.42 51610.17
29 11 18431.92 51610.31
29 12 20275.00 51610.17
29 13 22117.94 51610.17
29 14 23961.16 51610.17
29 15 25804.38 51610.17
29 16 27647.88 51610.31
29 17 29491.10 51610.17
29 18 31334.04 51610.17
29 19 33177.12 51610.31
29 20 35020.90 51610.17
29 21 36864.55 51610.17
29 22 38707.77 51610.17
29 23 40550.99 51610.17
29 24 42393.64 51610.31
29 25 44236.44 51610.03
29 26 46079.66 51610.17
29 27 47922.74 51610.31
29 28 49765.96 51610.17
29 29 51609.18 51610.31
29 30 53452.26 51610.03
29 31 55295.34 51610.17
29 32 57138.70 51610.17
29 33 58982.06 51610.31
29 34 60825.42 51610.45
29 35 62668.79 51610.03
29 36 64511.58 51610.17
29 37 66355.23 51609.89
29 38 68198.59 51609.75
29 39 70041.81 51609.60
30 1 1.13 53452.68
30 2 1844.07 53452.68
30 3 3687.29 53452.54
30 4 5530.51 53452.82
30 5 7374.01 53452.82
30 6 9216.67 53452.82
30 7 11059.75 53452.82
30 8 12903.53 53452.97
30 9 14746.89 53452.68
30 10 16589.83 53452.68
30 11 18432.91 53452.82
30 12 20276.41 53452.97
30 13 22119.07 53452.97
30 14 23962.29 53452.54
30 15 25805.65 53452.68
30 16 27648.87 53452.68
30 17 29491.67 53452.68
30 18 31335.03 53452.82
30 19 33178.81 53452.82
30 20 35021.75 53452.54
30 21 36864.83 53452.68
30 22 38708.19 53452.68
30 23 40550.85 53452.97
30 24 42394.07 53452.54
30 25 44238.14 53452.68
30 26 46080.79 53452.68
30 27 47923.16 53452.68
30 28 49767.09 53452.68
30 29 51610.45 53452.68
30 30 53453.11 53452.68
30 31 55296.19 53452.82
30 32 57139.27 53452.68
30 33 58982.20 53452.54
30 34 60825.42 53452.68
30 35 62668.64 53452.68
30 36 64511.86 53453.11
30 37 66355.08 53453.53
30 38 68198.31 53453.39
30 39 70041.67 53453.39
31 1 1.27 55296.61
31 2 1843.79 55296.61
31 3 3686.30 55296.61
31 4 5529.38 55296.61
31 5 7372.60 55296.47
31 6 9215.96 55296.47
31 7 11059.18 55296.47
31 8 12902.26 55296.61
31 9 14745.48 55296.75
31 10 16588.70 55296.75
31 11 18431.78 55296.61
31 12 20274.86 55296.61
31 13 22118.36 55296.75
31 14 23961.86 55296.61
31 15 25804.66 55296.61
31 16 27647.74 55296.75
31 17 29490.96 55296.75
31 18 31334.18 55296.61
31 19 33177.68 55296.61
31 20 35021.05 55296.75
31 21 36864.12 55296.61
31 22 38707.20 55296.61
31 23 40550.56 55296.47
31 24 42393.64 55296.75
31 25 44236.44 55296.47
31 26 46079.66 55296.61
31 27 47922.88 55296.75
31 28 49766.10 55296.61
31 29 51609.18 55296.75
31 30 53452.40 55296.47
31 31 55295.48 55296.47
31 32 57138.84 55296.61
31 33 58982.49 55296.61
31 34 60825.71 55296.75
31 35 62668.64 55296.75
31 36 64511.58 55296.61
31 37 66354.80 55296.47
31 38 68198.45 55296.33
31 39 70042.09 55296.19
32 1 1.27 57139.27
32 2 1844.21 57139.12
32 3 3687.43 57139.27
32 4 5530.51 57139.55
32 5 7374.15 57139.41
32 6 9217.37 57139.41
32 7 11060.17 57139.27
32 8 12903.67 57139.27
32 9 14746.19 57139.41
32 10 16589.12 57138.98
32 11 18433.05 57139.27
32 12 20276.27 57139.27
32 13 22119.49 57139.12
32 14 23962.15 57139.12
32 15 25805.08 57139.27
32 16 27648.16 57139.41
32 17 29491.95 57139.41
32 18 31335.45 57139.27
32 19 33178.11 57138.98
32 20 35021.75 57139.12
32 21 36865.11 57139.12
32 22 38708.19 57139.27
32 23 40551.13 57139.12
32 24 42393.79 57139.41
32 25 44236.58 57139.27
32 26 46080.08 57139.27
32 27 47924.01 57138.84
32 28 49767.51 57139.12
32 29 51610.45 57139.27
32 30 53453.25 57139.12
32 31 55296.47 57139.27
32 32 57139.55 57139.27
32 33 58982.77 57139.12
32 34 60825.85 57139.12
32 35 62668.79 57139.12
32 36 64511.86 57138.98
32 37 66354.80 57139.41
32 38 68198.45 57139.27
32 39 70042.09 57139.12
33 1 1.13 58983.05
33 2 1843.50 58983.05
33 3 3686.30 58983.05
33 4 5529.52 58983.05
33 5 7372.60 58982.91
33 6 9215.82 58982.91
33 7 11059.18 58982.91
33 8 12902.26 58983.05
33 9 14745.62 58983.19
33 10 16588.84 58983.05
33 11 18431.92 58983.19
33 12 20275.00 58983.05
33 13 22118.22 58983.05
33 14 23961.58 58983.19
33 15 25804.38 58983.05
33 16 27647.46 58983.05
33 17 29491.10 58983.05
33 18 31334.04 58983.19
33 19 33177.26 58983.05
33 20 35020.90 58983.05
33 21 36864.12 58983.19
33 22 38707.34 58982.91
33 23 40550.42 58983.05
33 24 42393.50 58983.19
33 25 44236.44 58982.91
33 26 46079.66 58983.05
33 27 47922.88 58983.05
33 28 49766.10 58983.19
33 29 51609.18 58982.91
33 30 53452.40 58983.19
33 31 55295.62 58983.05
33 32 57138.84 58982.91
33 33 58981.92 58982.91
33 34 60825.14 58983.05
33 35 62668.50 58983.19
33 36 64511.72 58983.33
33 37 66355.08 58982.77
33 38 68198.73 58982.63
33 39 70042.23 58982.49
34 1 0.99 60826.13
34 2 1844.35 60825.99
34 3 3687.57 60825.99
34 4 5530.65 60825.56
34 5 7373.87 60825.56
34 6 9216.38 60825.42
34 7 11059.46 60825.28
34 8 12903.53 60825.71
34 9 14746.61 60825.85
34 10 16589.83 60825.85
34 11 18433.33 60825.42
34 12 20276.41 60825.56
34 13 22119.35 60825.56
34 14 23962.57 60825.71
34 15 25805.37 60825.85
34 16 27647.88 60825.42
34 17 29491.53 60825.42
34 18 31335.03 60825.42
34 19 33178.39 60825.42
34 20 35022.18 60825.56
34 21 36864.97 60825.71
34 22 38707.91 60825.71
34 23 40551.27 60825.42
34 24 42394.49 60825.71
34 25 44237.57 60825.56
34 26 46080.79 60825.71
34 27 47924.01 60825.56
34 28 49766.67 60825.71
34 29 51609.60 60825.42
34 30 53452.82 60825.71
34 31 55295.90 60825.42
34 32 57139.55 60825.56
34 33 58982.34 60825.42
34 34 60825.42 60825.56
34 35 62668.93 60825.71
34 36 64511.58 60825.28
34 37 66354.94 60825.85
34 38 68198.73 60825.71
34 39 70042.09 60825.71
35 1 0.99 62669.49
35 2 1843.50 62669.35
35 3 3686.02 62669.49
35 4 5529.38 62669.49
35 5 7372.74 62669.35
35 6 9215.68 62669.35
35 7 11058.90 62669.35
35 8 12902.26 62669.49
35 9 14745.48 62669.63
35 10 16588.70 62669.63
35 11 18431.36 62669.49
35 12 20274.58 62669.49
35 13 22118.36 62669.63
35 14 23961.30 62669.49
35 15 25804.52 62669.49
35 16 27648.16 62669.63
35 17 29491.24 62669.63
35 18 31334.18 62669.63
35 19 33177.54 62669.49
35 20 35020.76 62669.49
35 21 36863.70 62669.63
35 22 38707.06 62669.49
35 23 40550.00 62669.63
35 24 42392.94 62669.35
35 25 44236.16 62669.63
35 26 46079.66 62669.63
35 27 47922.88 62669.49
35 28 49765.96 62669.49
35 29 51608.90 62669.35
35 30 53452.26 62669.63
35 31 55295.62 62669.63
35 32 57138.70 62669.35
35 33 58981.78 62669.35
35 34 60824.86 62669.35
35 35 62668.64 62669.49
35 36 64511.86 62669.49
35 37 66355.23 62669.63
35 38 68198.87 62669.63
35 39 70042.51 62669.49
36 1 0.85 64512.29
36 2 1844.21 64512.15
36 3 3687.57 64512.15
36 4 5530.23 64512.43
36 5 7373.16 64512.43
36 6 9217.09 64512.29
36 7 11059.75 64512.15
36 8 12902.26 64511.86
36 9 14746.05 64512.15
36 10 16589.97 64512.15
36 11 18433.05 64511.86
36 12 20276.27 64511.86
36 13 22119.35 64512.01
36 14 23961.86 64512.01
36 15 25805.23 64511.86
36 16 27649.01 64511.86
36 17 29492.09 64511.86
36 18 31335.45 64512.01
36 19 33178.53 64512.01
36 20 35021.33 64511.72
36 21 36864.97 64511.86
36 22 38708.33 64512.01
36 23 40551.27 64511.86
36 24 42394.49 64512.01
36 25 44237.29 64511.72
36 26 46080.51 64511.86
36 27 47924.01 64512.01
36 28 49766.81 64511.86
36 29 51609.75 64512.01
36 30 53453.53 64511.86
36 31 55296.89 64511.86
36 32 57139.69 64511.86
36 33 58982.49 64511.86
36 34 60825.56 64511.86
36 35 62668.79 64512.01
36 36 64511.72 64512.29
36 37 66354.80 64512.71
36 38 68198.59 64512.57
36 39 70042.37 64512.57
37 1 0.85 66355.79
37 2 1843.64 66355.79
37 3 3686.16 66355.93
37 4 5529.38 66355.79
37 5 7372.60 66355.79
37 6 9215.96 66355.65
37 7 11059.46 66355.79
37 8 12902.26 66355.79
37 9 14745.48 66355.93
37 10 16588.70 66355.79
37 11 18431.78 66355.93
37 12 20274.72 66355.93
37 13 22117.80 66355.65
37 14 23961.30 66355.79
37 15 25804.52 66355.93
37 16 27647.32 66355.65
37 17 29490.96 66355.65
37 18 31334.46 66355.79
37 19 33177.40 66355.93
37 20 35020.62 66355.65
37 21 36863.98 66355.79
37 22 38707.20 66355.93
37 23 40550.42 66355.65
37 24 42393.50 66355.93
37 25 44236.44 66355.65
37 26 46079.66 66355.65
37 27 47922.88 66355.93
37 28 49766.10 66355.65
37 29 51609.04 66355.79
37 30 53452.26 66355.65
37 31 55295.62 66355.65
37 32 57138.70 66355.79
37 33 58981.78 66355.79
37 34 60825.28 66355.93
37 35 62668.93 66355.93
37 36 64511.58 66355.65
37 37 66354.66 66355.93
37 38 68198.59 66355.79
37 39 70042.23 66355.79
38 1 1.27 68198.87
38 2 1844.35 68198.73
38 3 3687.43 68198.45
38 4 5530.65 68198.45
38 5 7373.31 68198.45
38 6 9215.82 68198.31
38 7 11059.46 68198.31
38 8 12903.53 68198.45
38 9 14746.61 68198.45
38 10 16589.69 68198.45
38 11 18432.34 68198.59
38 12 20275.56 68198.16
38 13 22119.07 68198.31
38 14 23961.72 68198.45
38 15 25804.66 68198.59
38 16 27648.45 68198.73
38 17 29492.37 68198.73
38 18 31335.45 68198.59
38 19 33178.39 68198.16
38 20 35021.75 68198.31
38 21 36864.83 68198.31
38 22 38707.77 68198.45
38 23 40550.99 68198.31
38 24 42394.35 68198.45
38 25 44237.71 68198.45
38 26 46080.51 68198.59
38 27 47923.59 68198.02
38 28 49767.37 68198.31
38 29 51610.17 68198.45
38 30 53452.68 68198.31
38 31 55295.76 68198.31
38 32 57138.84 68198.31
38 33 58982.06 68198.31
38 34 60825.42 68198.45
38 35 62668.64 68198.59
38 36 64511.72 68198.16
38 37 66354.66 68198.59
38 38 68198.45 68198.45
38 39 70042.09 68198.31
39 1 1.27 70041.53
39 2 1843.79 70041.67
39 3 3686.30 70041.81
39 4 5529.52 70042.09
39 5 7372.74 70042.23
39 6 9215.96 70042.09
39 7 11059.04 70042.09
39 8 12902.12 70042.23
39 9 14745.20 70042.09
39 10 16588.56 70042.09
39 11 18432.06 70042.37
39 12 20275.28 70042.37
39 13 22118.64 70042.23
39 14 23962.01 70042.09
39 15 25804.94 70042.37
39 16 27647.60 70042.37
39 17 29490.96 70042.23
39 18 31334.75 70042.23
39 19 33177.68 70042.23
39 20 35020.62 70042.37
39 21 36864.12 70042.23
39 22 38707.63 70042.23
39 23 40550.28 70042.23
39 24 42393.22 70042.37
39 25 44236.44 70042.09
39 26 46079.66 70042.23
39 27 47922.88 70042.37
39 28 49766.10 70042.09
39 29 51609.18 70042.37
39 30 53452.40 70042.09
39 31 55295.62 70042.09
39 32 57138.84 70042.09
39 33 58982.06 70042.09
39 34 60825.28 70042.23
39 35 62668.36 70042.37
39 36 64511.44 70042.23
39 37 66355.37 70042.09
39 38 68199.01 70041.95
39 39 70041.95 70041.81
